47 18 0.4121786335917109
59 23 0.814667637270625
51 100 0.8913862468592905
81 63 0.4440657598434622
49 66 0.8982422456750841
27 25 0.44224598513842606
96 88 0.23427955669829503
99 92 0.695515582356309
23 82 0.49414326506062434
35 4 0.6291111640099213
89 19 0.26820998840821386
43 100 0.01665479561319816
2 25 0.09164942284649014
84 90 0.6232982499990231
72 49 0.22577208721441033
76 17 0.7019101435913951
65 70 0.6644243375673634
26 76 0.9997241704035159
28 1 0.6525651280328537
55 14 0.2741153752264722
24 50 0.9850809785953769
67 35 0.7927075582186258
27 72 0.1556731816470186
31 87 0.7819009444204092
62 77 0.7328954760243198
51 73 0.43515953118308626
73 82 0.7927008719715279
50 61 0.030487769672911558
33 74 0.5409029726174014
41 47 0.4512866066998662
69 35 0.6185528805391705
13 86 0.3876997631757022
93 25 0.34497139878923544
23 14 0.2625538687801382
100 77 0.04800584155322851
78 52 0.7488536979087065
48 31 0.8546577793741502
73 35 0.6152479535627348
25 4 0.3573023461751258
28 74 0.3577120235801665
92 41 0.06065560446161844
23 40 0.7710257440415594
10 85 0.06313834490927639
8 13 0.10610592777261729
61 21 0.590143526482609
54 21 0.4594785437876
84 65 0.753399155023259
22 86 0.4528399484249116
44 71 0.356103297310155
45 30 0.8159037584213586
79 30 0.5652672941833221
51 85 0.22764798028471311
2 33 0.1686412420345177
64 62 0.30024058824312616
16 13 0.34475732598787434
100 45 0.6477528346829701
69 88 0.05765755604407907
21 23 0.8267746190682203
18 25 0.8297450194598145
37 55 0.4518337065661152
12 67 0.6858909379372433
53 70 0.32573684004160564
41 18 0.5155152550635371
67 78 0.6304263599730895
98 20 0.7677080008941429
48 7 0.47204554967912926
10 34 0.08864475843036057
87 8 0.8129394279870283
80 82 0.519925118855658
10 32 0.6411043924248178
90 92 0.19184330497355506
38 31 0.3650032808627336
71 36 0.3600778141286406
21 24 0.5486038522043668
25 86 0.3533996062322414
53 23 0.2334607817808464
53 71 0.3011594946691313
12 91 0.15897391078514633
81 7 0.04074474984674881
58 61 0.5184712268354073
75 33 0.45861135950602117
33 13 0.05518408498863059
51 84 0.9477257051422803
15 17 0.9034768053028335
85 40 0.5004891580422292
20 88 0.7481026293897712
63 3 0.62525443290766
95 29 0.7781816088212528
57 69 0.7063664660449429
3 13 0.44115918639296814
3 60 0.14390900857607958
31 22 0.7899603471113517
77 76 0.32046770836054994
62 18 0.9183424455812284
86 76 0.1597662167078716
54 42 0.5838462584821151
52 34 0.6470395251822841
70 6 0.2830035852181725
58 46 0.771835512068133
70 60 0.26053937900275936
39 36 0.726116514486664
88 83 0.6901808107809022
54 24 0.03650501445301091
58 14 0.7673846232148898
40 68 0.3287037419863128
26 84 0.09287227416678545
61 38 0.5991910237068896
90 67 0.5873088874049551
87 37 0.8335673023457476
4 58 0.7473193815980128
5 36 0.8290494371037993
39 43 0.46041401765990586
25 9 0.1793795970121127
39 65 0.9091814040672705
53 28 0.10326548057901519
97 59 0.3128767384674441
4 12 0.4435083048232613
29 14 0.07359080923519157
75 71 0.18702756900121598
72 29 0.5807922633875917
17 88 0.9807045308826884
52 24 0.03942689857123849
78 68 0.3976894087603582
39 75 0.832905559936902
74 97 0.12336863416346222
19 80 0.882264092889346
92 50 0.9220624662737151
60 28 0.7837924496278101
28 94 0.11673695282669849
26 9 0.08988902363555729
18 54 0.41031667523819737
46 60 0.49825558949625304
50 26 0.5109313002063356
4 35 0.8017956532370987
28 14 0.8691739067897907
88 75 0.3282619235701645
74 79 0.0700690071914093
50 19 0.4831465972419011
34 96 0.437982617235556
84 7 0.5621645243810832
58 86 0.8912833023671813
20 58 0.734207047233043
43 2 0.08251858489723829
22 87 0.5919532879058244
60 55 0.08045204133530781
20 32 0.9765558434361459
4 88 0.6300761687603358
30 7 0.6078428781759174
49 8 0.8965840539467914
37 82 0.02559434955162454
18 30 0.33469586710060917
40 44 0.6065368352270983
64 87 0.4739802746896976
82 2 0.9803430766835785
39 72 0.468457820614433
39 52 0.27930050505852144
19 31 0.8305222340019687
86 85 0.5506469949408088
96 47 0.36625636675816964
69 36 0.9212814845355344
90 14 0.9808042170364577
71 26 0.1834264675278665
4 44 0.1102186104850571
9 82 0.8915904768503277
16 60 0.18333347647411102
90 20 0.9639460146317769
38 80 0.13947420603331417
24 99 0.8332215952145307
89 94 0.39316088047056774
34 92 0.6727666001228638
2 48 0.23090764797415053
10 19 0.747447928605615
54 52 0.7695953965166489
92 44 0.8220464265231963
35 47 0.3569968749906377
47 6 0.8191343394142522
82 98 0.9892817522852759
20 49 0.643088235166453
93 64 0.528006228068691
50 93 0.1523163322407255
83 21 0.5186940581389619
30 10 0.6876599892209331
99 19 0.4795441115907729
29 46 0.5925598742457759
29 42 0.40329885231195906
75 56 0.6903873841680255
17 42 0.5011011644214687
44 63 0.1672128751381936
80 90 0.5494500252269852
23 58 0.6018192106343698
62 76 0.6326721475420991
97 59 0.15096800050210668
59 57 0.648411476100092
17 9 0.7574388534130594
70 52 0.512380833941693
79 5 0.34580333265793917
21 81 0.6897210828849145
4 69 0.5192649334100888
87 42 0.599759915919748
97 25 0.8167998466648062
16 7 0.1718845660738686
5 95 0.18485795326564036
59 11 0.5564582588372925
31 79 0.8652755501431169
52 3 0.4485922553240168
35 78 0.6599444123565237
6 35 0.6390132856200623
68 28 0.8236309484110349
51 67 0.14621844758009395
40 56 0.6296093909932742
50 82 0.48748628570603747
70 90 0.8468536273627194
55 14 0.05569302925337816
61 97 0.3446530848567203
56 25 0.5369451591351843
44 66 0.08524597334081097
16 17 0.10664655810758739
86 99 0.053807159195666476
51 98 0.7227604687668806
87 34 0.9449175208694583
22 41 0.38317676241774634
74 30 0.19111424766409368
39 15 0.8381174730741311
68 21 0.8743552362960344
93 16 0.22911800243413782
48 38 0.8782617572357492
90 82 0.47100220489459776
77 47 0.5839039811609812
49 73 0.12400826336568671
11 49 0.8307071651893789
11 45 0.6128073379369069
4 70 0.3371693310784909
6 25 0.7284613460694122
45 77 0.08460324614169257
37 58 0.753527970687094
38 67 0.025186958309894814
61 40 0.6607447005159124
10 17 0.7157613401833992
49 72 0.44677892179436085
47 42 0.16173501837205895
32 47 0.7366591820955648
45 81 0.4810790726600733
74 94 0.8414925325167132
53 34 0.46183627072437616
99 74 0.052029383770156534
30 95 0.23052282149609304
57 92 0.05944610908314463
61 6 0.845315271097777
82 58 0.6355357833034214
72 5 0.21951691508593252
31 19 0.5607779591977021
8 14 0.022990253135336647
92 7 0.0457448427572531
95 85 0.2835146921230671
59 46 0.9896108715867977
72 83 0.15217366245087627
38 76 0.7165041081558536
52 68 0.11288410156580697
22 79 0.37208609114478586
22 49 0.7520341719150837
40 91 0.12020741157586534
7 15 0.23412377244293936
79 97 0.9949375611482622
68 41 0.4671053667680889
52 10 0.13526638947335168
9 12 0.3319182676052975
80 75 0.659557275146397
45 50 0.29745899403628895
26 56 0.11185734063034303
53 69 0.3154568650855375
38 1 0.3005691919825827
5 63 0.8674603294733416
69 70 0.597588710941185
61 80 0.1563440383954905
56 5 0.44237442982930697
7 34 0.459134037516726
50 11 0.08197406944457619
92 39 0.8630988620750795
9 49 0.7030986985656799
83 21 0.32892539705683466
33 84 0.12871272291628222
83 50 0.21937688968032076
68 37 0.24026968693787443
5 43 0.6136042215780586
77 1 0.2021574723061611
30 91 0.9052784901542072
56 62 0.9139437210513282
4 44 0.7143331120097982
70 60 0.3347923549199211
43 74 0.809332027823252
18 100 0.6600647297541016
16 25 0.4145680713558523
96 25 0.7634020971907605
48 39 0.20539107026483483
100 64 0.8899792491541774
99 41 0.46001085643176653
86 51 0.3036340381858016
83 66 0.6230262020377177
16 60 0.14547640414897156
61 75 0.36852350770667897
65 45 0.30651076720473025
53 12 0.6985371982909689
9 45 0.35068634636643714
78 6 0.1532634275470991
15 41 0.4349637010820342
46 25 0.8716019198890358
32 1 0.8573978527248427
52 30 0.8211601941523804
39 18 0.3484042633416248
49 84 0.38541074049165325
25 14 0.3833964125268523
90 48 0.5957439751679806
75 91 0.11924840348678256
66 56 0.477436574060475
21 81 0.5605600330296643
24 5 0.11274903903600042
54 52 0.3522268793690413
54 10 0.2569233439530608
67 37 0.3897685185969467
7 55 0.9092687657968596
75 3 0.4062219151737716
48 63 0.6417675938444267
13 19 0.3985997064706789
85 86 0.8902944935605415
13 62 0.7586409115854997
41 5 0.21753807542511394
72 86 0.8052283735629179
33 35 0.7087499312833885
31 5 0.9985814766744586
75 39 0.9002845323335184
81 43 0.7928404292729954
85 62 0.33394673328030977
66 43 0.6014087189202687
7 50 0.5355517713165276
84 41 0.5038289889832019
1 71 0.870468834957567
84 18 0.6167326087640936
79 17 0.15399536329854702
0 1 0.26844039231546646
18 40 0.4817403551194047
24 76 0.10200880802737822
37 73 0.02852942196358421
36 22 0.06940748455270263
7 95 0.1325400520817943
1 29 0.7852245883597386
86 12 0.7625274335828777
97 93 0.4211643489711351
30 7 0.3862194145860959
23 32 0.136180970537634
6 64 0.7352181294998681
49 5 0.01854039310729061
18 64 0.133102524452552
91 74 0.6746857046052894
13 96 0.42619904077141546
79 2 0.8341230616615501
45 24 0.35484312479856883
5 64 0.4320971045797741
76 55 0.05987304025363416
73 16 0.942216100995055
8 60 0.15444364080738793
100 56 0.8789357390236597
93 19 0.8175844677864497
24 82 0.517462298885503
95 50 0.11901308279964129
25 69 0.831665883130538
44 16 0.5943391734411372
11 3 0.05225600324712876
100 79 0.0358425583299824
6 100 0.731922120141568
62 48 0.691651122317332
67 99 0.002651201650686108
97 7 0.12974056890181063
22 64 0.48269173990314385
75 56 0.24628857821944505
87 10 0.11684677373315355
21 45 0.6250688146153304
82 25 0.36571811715386404
40 22 0.08933804173469606
93 32 0.9690271606065126
36 30 0.06181778770599067
24 83 0.08233471173254803
45 74 0.6700456769884459
66 77 0.6577027752297688
13 39 0.46327205811288463
57 67 0.8751104422971245
80 89 0.5228864077182842
6 89 0.8648282868617005
12 64 0.004258776159735134
71 78 0.9274405373348296
94 41 0.7472441388101225
17 6 0.6062150152267185
82 59 0.7591770068213172
48 83 0.3858393451173109
96 90 0.18613792947760444
28 75 0.43268784439133523
46 70 0.09139513105795927
35 51 0.6314537284125964
89 13 0.9334679864557984
91 95 0.5805719785562276
57 59 0.27975080582664547
69 66 0.7046471991325256
83 70 0.15808998727515744
77 3 0.6734853585914623
89 65 0.9733495319359489
44 3 0.8621230848697372
77 49 0.8758361898618183
60 84 0.5454761510298426
48 82 0.30941249587101693
28 43 0.05413571786798366
28 73 0.8908735051733864
39 37 0.7413621753896598
53 78 0.5494692801886932
43 24 0.8178168656153094
87 2 0.574446638082231
83 10 0.1717905835572222
76 45 0.19081247449716132
60 62 0.6896978016492752
34 38 0.45299081434406374
40 36 0.9336011018315274
10 37 0.211943831239231
36 4 0.7668035260527033
57 100 0.9166527463522163
65 74 0.6985736961296077
87 67 0.2690743381801314
10 90 0.666268083848138
16 100 0.6655770544024215
49 89 0.13987430987454708
30 98 0.5724013322208846
1 75 0.9700395799945036
21 9 0.5487929443358014
100 78 0.574024625168307
24 78 0.9838681544938375
21 98 0.8541330891470927
97 33 0.9705504347033527
12 91 0.6348709267960234
34 68 0.5407540414157053
33 40 0.6050322593311643
64 25 0.9853741463707103
64 47 0.908776305979247
51 37 0.9012994709045039
98 82 0.1529766953353987
24 34 0.11549820913877373
87 10 0.13867378890839244
81 14 0.4952772912472597
98 0 0.9161062935097849
7 41 0.4655029258094393
2 18 0.11923107984401948
29 44 0.8449187763067572
61 75 0.0667036451516766
44 61 0.5774019399198618
57 3 0.25788425391046654
35 33 0.021489997962350627
59 8 0.7606035323366399
32 10 0.6305022126874066
74 21 0.7168344155789749
83 52 0.41368734783603867
69 39 0.15979943125885565
19 68 0.1649182758334189
53 71 0.7903957214945494
100 27 0.351408846062511
17 49 0.8970597733702718
91 76 0.8962849658361475
51 50 0.23757598980591343
89 80 0.9671165314477991
45 59 0.08791082151801455
13 75 0.831000135590652
89 34 0.7057783356669268
62 69 0.9032262721976726
25 29 0.10490552082629312
11 22 0.029019964088849215
57 21 0.3138017567282396
24 80 0.8099906342465408
100 99 0.2659163417140402
59 5 0.365517559670239
88 72 0.3079545385452991
25 28 0.5742827691532026
31 59 0.6639591194565415
12 54 0.1724440051142454
15 53 0.5573972621254527
38 100 0.6524488456008528
23 96 0.5071552759180292
97 43 0.4806635489054335
5 63 0.16124949256294618
26 53 0.6263736928982602
20 32 0.8577541466091403
42 96 0.9855036542465745
72 12 0.24116398633620661
29 3 0.4017333693480365
80 39 0.9811114248487711
8 27 0.588300714569916
85 37 0.911016221801309
89 65 0.11990639191735142
95 48 0.01720335027549691
8 9 0.5209310388161651
94 16 0.08797545381789384
46 83 0.15149241453721074
26 93 0.9495251840666621
50 44 0.42655969598487253
79 66 0.1363288842729633
91 66 0.72150233833518
13 41 0.7351620405068939
51 81 0.852020022070043
1 73 0.30143210403180876
75 58 0.46153233892231116
95 15 0.6286446458046637
100 94 0.21594233813655073
28 9 0.5518634776464841
42 15 0.8572104988944661
54 90 0.19902693251886783
58 2 0.5919243043406903
72 87 0.26404166749379665
65 59 0.4296998592329945
61 74 0.7744958403424391
12 76 0.6516777852910527
40 72 0.11903186730209725
51 26 0.9560865706711391
74 99 0.2022350932521736
40 33 0.2752718403614043
42 82 0.48108036940932564
47 63 0.9540066123253658
28 97 0.4409998984123856
19 67 0.8001199208705506
97 51 0.1598895074806458
100 60 0.6105214567132181
41 87 0.694266708934384
71 9 0.002880759636829766
97 68 0.529885724700268
97 59 0.038477099961037986
64 93 0.9149698220941616
30 10 0.4066557095172426
27 21 0.6537479893367272
72 73 0.9136619300338883
32 27 0.21326203237740649
79 76 0.6036256916292717
25 2 0.0034118659120435657
91 85 0.3026158956402707
82 94 0.2573576242726905
96 97 0.38876737151579754
5 83 0.3010630561949168
85 4 0.5406793091662567
72 39 0.3430451485551598
93 85 0.36303701642829134
3 51 0.12204369006219296
73 45 0.22540106240640623
36 92 0.12043951224810823
31 90 0.6277223325148867
41 14 0.3049893142096446
49 26 0.5284055363192423
30 68 0.8457644059876905
26 38 0.6654197035889226
72 38 0.24716613394419895
1 15 0.27489353502162184
0 85 0.20699791881253937
5 69 0.9106436438408854
15 27 0.9804566200126233
94 69 0.6051026052088797
75 0 0.292045397964276
50 19 0.4620401784077901
77 100 0.22010048265307847
98 86 0.8725148071515373
77 34 0.9108382298738278
5 59 0.9549269987891419
20 88 0.2857151005005415
46 64 0.5355802516497238
99 71 0.472733030086229
31 67 0.944127403528016
71 32 0.5969422917722053
62 25 0.23416273144615685
37 55 0.5159164007652994
97 87 0.9838783189822352
53 2 0.5664006533238166
40 92 0.6083750723853946
74 68 0.6450322141656772
10 67 0.19976779879468298
59 75 0.7795972800342155
69 4 0.6827646017703156
66 98 0.8505978103741666
38 82 0.43608208379239377
82 40 0.1778233714308618
65 64 0.5713695383289283
66 6 0.07103409631315005
30 79 0.23825580841444272
87 36 0.5771823217458599
99 50 0.5051569141785663
68 95 0.3525122154380034
42 77 0.0619351096039108
13 54 0.05096478212515032
42 19 0.5975915644365001
0 85 0.6587600897185403
34 64 0.536975347091409
2 54 0.21638518856730615
35 38 0.9536959604888705
32 49 0.2036427599122178
70 53 0.5504403983304313
63 68 0.32182261278591473
92 56 0.04352165648819806
23 80 0.07661193922243636
61 74 0.4432785018215044
86 97 0.9884857772679142
3 73 0.8571428025082465
63 25 0.23548877743835372
91 57 0.13648088792494162
69 79 0.28756059376416665
51 59 0.5070903130965964
27 44 0.07524647120817773
42 27 0.06623544447773733
24 86 0.5847419362655192
73 38 0.561625354951754
19 92 0.5253913276796527
86 11 0.19037892860668937
46 58 0.2256786749781199
72 84 0.43978710479934013
42 43 0.5589985523735703
42 34 0.47276385836254187
84 88 0.5095593109975134
6 66 0.7732494214809496
43 55 0.4154638182988719
16 17 0.5829318869938787
74 77 0.22750960018299515
33 75 0.9366641146374117
52 84 0.35652731341826505
15 30 0.7370404093461937
34 46 0.41204384287365103
16 64 0.45075574944986874
40 60 0.3114245488774843
73 97 0.5007209874240908
64 31 0.6108044281506696
40 2 0.6917317186777199
25 82 0.9868106335032933
90 51 0.8093839727566308
6 83 0.7552134931799365
26 98 0.990628396638662
88 10 0.82001167743076
82 60 0.668544463088292
51 74 0.08875218746826385
25 6 0.37803948757242634
14 58 0.5106568803665776
8 29 0.08092829579589378
94 26 0.1262691695305973
30 92 0.7118750109033679
55 65 0.17464860066302657
52 83 0.42562504770413334
89 69 0.1511096639554812
7 26 0.8032423345192853
97 16 0.8042779608221098
46 11 0.3788013232354501
87 85 0.7132280769960705
16 33 0.777272753080928
14 16 0.16445658292225684
91 41 0.6885602312197281
16 52 0.31959819169493553
1 29 0.5945581029540237
97 45 0.6787310787220578
12 68 0.24904920819770382
63 13 0.599103066026314
74 36 0.8872026295984895
72 78 0.6330801694910311
9 75 0.32828456592632294
26 69 0.6923146409685341
42 14 0.12249279684806458
34 25 0.25638747299987164
88 20 0.15381858492283784
35 64 0.2766057501671668
2 71 0.9164800627689731
33 57 0.9951600617815538
78 87 0.1325755858252915
23 26 0.37090322960506683
45 17 0.8735459994468747
47 54 0.4641816362394674
95 40 0.3017460269406351
90 8 0.7675215424786946
20 65 0.18066833262506177
47 11 0.8053841695231392
64 6 0.7581177756974365
31 2 0.6186474721416757
49 67 0.7849591227258357
20 30 0.4067623295406617
39 66 0.03138245606611745
94 97 0.5454309355268646
55 97 0.08747889061463643
11 48 0.4908072589568947
91 2 0.7282253639102166
95 5 0.12487075661619451
72 28 0.3501369443630221
14 47 0.611370041522054
86 49 0.8010246668976774
60 20 0.8975245944686883
32 100 0.4720948604385031
23 89 0.019037570188814135
83 37 0.7252572050258792
30 97 0.7025324733116199
74 69 0.640811673101166
35 15 0.2770398437210696
25 83 0.8922860972282672
96 31 0.5280408758173728
20 80 0.005846824089940972
64 78 0.692055757753811
41 52 0.2019952645528551
35 47 0.822460637415395
53 5 0.8203670153730521
2 78 0.7697791198403469
75 1 0.5604905503679591
73 79 0.14546440110435344
86 13 0.39658675992025916
4 38 0.7247850152387492
90 23 0.9017667679054758
58 81 0.29311646938628433
5 43 0.4922082803338691
76 55 0.9679218965345779
26 11 0.46824291523059824
48 26 0.6122053729655365
11 37 0.11013524836676403
81 55 0.5865888221215254
89 41 0.9918580196370063
87 36 0.32723522814769435
95 27 0.5907579417563593
38 20 0.10406888382704227
38 40 0.8044249884030799
27 28 0.4124183769268366
87 14 0.4269545066118182
18 54 0.12269843852958251
17 63 0.5043841314013656
44 1 0.4595210589779607
81 14 0.21283471891919692
57 41 0.4026458413440487
94 36 0.19750576473722115
2 65 0.6815798343372544
44 91 0.2917875644161275
99 13 0.5209810766184173
80 59 0.731641744074193
15 90 0.8134525971948269
90 73 0.28356461659883814
97 11 0.977910598956385
29 62 0.5065633777766285
63 93 0.5165489930658828
44 4 0.5367657155260239
0 4 0.3253871859983586
11 46 0.7574232896309364
1 54 0.016260423531330614
8 60 0.7379783107271183
59 37 0.6336675241815143
37 14 0.12687656691698967
24 7 0.24091385354431016
0 78 0.9746059788290169
41 62 0.516717142017512
51 47 0.22198318595354016
49 1 0.5153907329673274
35 42 0.723287285909588
7 66 0.05295537037232956
28 77 0.9527656006754716
27 35 0.01379988574242863
54 42 0.7027384795159937
43 73 0.6178781052544987
68 43 0.6747854958848596
73 58 0.40518629338058676
25 95 0.3301063211789407
36 41 0.4817113783601008
8 5 0.12354507357917677
62 8 0.03004022752165303
2 10 0.03741316207370471
94 33 0.912491999327668
54 67 0.8121342026313481
80 78 0.3655642447161638
28 25 0.6339284993387357
59 100 0.017431689742761658
24 55 0.4721221211395352
33 12 0.013469255416445725
91 42 0.44003763737417134
46 4 0.1780927370257207
12 89 0.7284242110846216
14 37 0.25165848445409833
34 65 0.7852879582092415
19 71 0.9795313114906392
54 46 0.3338860050984519
88 46 0.45517797865930154
26 56 0.0966162244186487
10 66 0.9676444061735425
22 40 0.17262545369747395
83 55 0.014251747502763257
98 54 0.11078769723652548
61 96 0.7083542269714106
51 84 0.6078786939841602
59 52 0.6382859951266148
65 79 0.679832745641196
22 63 0.26282142478726156
26 37 0.6777766170991103
4 42 0.9061319813327574
61 80 0.4278022142417153
23 35 0.1220273450107986
39 81 0.8048861716316383
52 75 0.9596603479481969
79 14 0.10779723851466627
57 72 0.6515368041081567
30 17 0.9727504280209316
69 68 0.5423727046329297
46 83 0.3089636626317499
87 9 0.10000481895281477
20 5 0.7839912400225751
57 20 0.10123145847672466
61 64 0.8129381660030083
6 57 0.3716704137182346
33 89 0.13866231612361457
12 62 0.9870040805864944
94 62 0.9401317793067588
32 92 0.11116499295497984
22 43 0.5803263625751691
33 99 0.35175881416304877
51 5 0.009246137778986196
68 36 0.21754408554536386
98 74 0.9348781635103259
12 74 0.4488943788529671
78 90 0.31627715682425306
29 6 0.8094778246579432
64 94 0.7881752256833123
50 86 0.7466879556894048
93 36 0.4408379670717303
31 58 0.048643737442668034
30 83 0.9599774885766178
18 61 0.16541274369116532
54 79 0.5011667212794154
63 17 0.8899953796078258
27 88 0.6371505051160034
44 18 0.7491076256980839
93 13 0.7809846615135974
77 97 0.9044977284251258
66 83 0.8577040885047987
60 66 0.49805820115483246
26 73 0.5150200085425736
85 8 0.09156427563286695
83 76 0.023984994531902726
90 85 0.4245563250537938
77 39 0.20641672471556072
43 59 0.843999301570387
15 65 0.2707381488630455
65 88 0.2426886460340557
32 20 0.572393085069586
100 52 0.711580541672437
30 86 0.3188871026163349
43 57 0.8789803558161007
18 52 0.19160370647915315
65 44 0.84035480652787
29 59 0.25027256770145867
19 41 0.5869176774233864
85 26 0.3442772953077743
64 68 0.8737003684882624
63 25 0.27365937578039135
11 15 0.2569400512276878
57 28 0.7531127724391404
95 99 0.37887698056089325
82 57 0.5009587260629329
48 82 0.8095175601570476
38 47 0.24429974106627506
25 14 0.7630808396585408
73 32 0.09199222960675368
30 29 0.7054805515805309
95 21 0.33043357930456774
7 70 0.9410209404141346
88 70 0.35890056068634246
92 45 0.1901999444109368
18 87 0.3526458563990408
83 55 0.3151345180312698
87 36 0.9050210956634577
75 9 0.6539651253505615
11 84 0.12328153294455735
40 43 0.39013585671658524
99 40 0.7108732812373065
85 88 0.7699723548762989
53 28 0.44020045919851314
93 31 0.4302443569508613
48 93 0.621017449108798
80 44 0.6354749326782682
55 53 0.5101770424509118
85 31 0.35244003635110055
15 93 0.3248732008838916
85 7 0.5328056284472583
48 6 0.09690441828296525
91 90 0.26403710876836217
51 48 0.3927098148878696
94 45 0.7136515172781415
28 68 0.5877766794696132
34 0 0.38518495706193556
17 60 0.6826543773015564
61 50 0.3604242021730115
0 24 0.0012709916542680277
59 75 0.704345482589053
14 67 0.5234005784625739
24 53 0.7185217230359189
60 17 0.43204285767658757
38 39 0.05509801971130557
29 26 0.8992550038332723
80 4 0.9821059215550975
93 10 0.10363233036467845
35 88 0.3661830930034452
81 68 0.6175946475759713
73 69 0.26163824984984196
30 75 0.06500274578101284
3 44 0.4950041106817632
47 84 0.3847798239885525
89 59 0.46680674068602646
91 50 0.1776168967442
