74 16 0.8712394051962394
42 70 0.6240125888655267
72 0 0.5563036502341394
32 84 0.8671048626091916
27 37 0.5061352662655023
42 20 0.6526992857502434
99 60 0.8699658131016036
24 5 0.6410742391729412
98 94 0.18147958965217192
81 73 0.758566898907665
68 76 0.2919563434607486
60 9 0.36879103829268456
74 94 0.383222617491217
75 16 0.6396248379781725
36 86 0.03365855610804136
71 76 0.0422448568669791
20 37 0.051829549530632235
89 17 0.2868193259195648
64 21 0.19473206761336725
12 25 0.1761779212062139
62 70 0.7071474278051934
62 1 0.8436216562026675
17 43 0.800893373417914
31 20 0.9249539700981991
50 60 0.23223724634170806
61 6 0.24937276693349264
46 4 0.9576481326589602
100 58 0.7153577787384502
0 20 0.6890748019610758
55 26 0.508904414965987
37 89 0.9226639868366812
83 88 0.4689416798282494
7 77 0.9200438889746518
10 3 0.4276601041859831
32 67 0.22800077545913866
70 98 0.11864331485839952
40 60 0.09556867599603425
76 58 0.8224159389677889
1 95 0.06175461341972055
99 88 0.3708254010897051
31 22 0.0299232414926357
81 91 0.7660008275355209
100 38 0.20568075366127636
95 20 0.9707059913263988
31 59 0.16005389051238006
17 37 0.6005555450754709
42 88 0.9063219808632698
24 83 0.14054213307094554
90 79 0.3330778687122705
44 25 0.003453730006915845
14 96 0.06030207872109705
53 14 0.9037389723706395
79 38 0.07205982127814103
12 42 0.09357612949203598
20 58 0.2115995639235576
23 86 0.7925890595741346
37 45 0.6606349406290453
82 49 0.1122434447210342
4 72 0.22690630559773073
74 65 0.8667266110102851
67 84 0.564787414985658
53 99 0.2777686568084846
18 37 0.42128252442134695
92 1 0.45503979171535835
25 24 0.2078074776436568
73 58 0.27327316390620715
53 26 0.7540285058216768
46 74 0.7179790506678276
17 33 0.2761506830282531
27 78 0.03689813471721404
65 99 0.04318784935341591
43 95 0.4949137392126234
37 53 0.9023404247143665
64 59 0.08824910266403574
8 69 0.7975974922605814
99 77 0.3887547416656103
96 4 0.25790501542336
12 29 0.2947691019021772
3 75 0.6062774952848373
77 5 0.38112121004277644
86 84 0.5637502188964593
59 8 0.4692536595107005
46 73 0.6985741451326569
100 60 0.09586900967276701
61 27 0.8329365461444576
26 38 0.6628259335895765
72 39 0.5163993956377301
23 37 0.16351178705668912
44 90 0.23089429615947044
74 77 0.6208019016272207
78 22 0.9238826656361114
100 17 0.709031798522136
76 65 0.2621795280235323
8 79 0.8465419051405182
21 100 0.8472132267524998
39 2 0.45082631960544073
58 57 0.6386907629493704
97 72 0.14137518528663173
93 80 0.9737830309764165
46 3 0.8549746928308082
85 73 0.5413132337494675
17 5 0.8959239241654032
74 9 0.8449088408659597
53 52 0.29711526686422807
55 72 0.27522942558644425
46 3 0.7816946804504736
12 83 0.5569606720663048
4 73 0.6484994527449923
95 2 0.5408179778259392
77 81 0.641170072287432
70 34 0.0072078362963816645
91 96 0.7221999141925961
100 89 0.45528474355895243
18 47 0.05791494159958377
98 81 0.1381568924962353
63 30 0.518034704860029
0 99 0.4639335375030119
26 50 0.5174316209476032
97 44 0.39989751534234363
61 72 0.08941131505081945
13 90 0.7133514676570676
98 4 0.45405027922190977
35 39 0.017219320756228673
2 67 0.35005044327464363
39 48 0.21048894971594456
51 93 0.619705720238148
28 57 0.45961876809097535
36 0 0.8567735744901193
48 94 0.014206366647317115
41 79 0.6878239466948889
14 39 0.0018307513295051647
61 10 0.9293294110482596
20 45 0.4802862378326007
82 80 0.28189796873786654
20 11 0.7938818231640221
72 14 0.90909306129347
41 47 0.13760329415700967
36 82 0.7752315552423681
24 46 0.5022830014881434
14 1 0.16412034198580872
3 63 0.3882239580233817
1 51 0.7010407162017022
81 95 0.32593607098431976
86 79 0.16521757783924684
94 89 0.864712803566458
62 39 0.7231789925827737
83 46 0.6192759284260847
53 97 0.6799387255814378
27 28 0.6908711367575435
22 67 0.0354977354769499
22 45 0.24421924697563213
88 32 0.09233899509684917
31 54 0.6075143672678903
5 92 0.27655133698444323
19 47 0.8366549883988146
75 31 0.9911598648712308
48 0 0.9519241550918806
23 7 0.5001273901730855
72 16 0.860741965389803
15 24 0.2547276509927412
41 92 0.5308875646785961
81 12 0.210708151243174
74 91 0.4061378824816765
75 40 0.32103746428885005
4 6 0.2184018107822392
31 90 0.5757242952999228
64 23 0.9909531158220736
1 99 0.5951432159947989
83 75 0.5596143137898184
28 65 0.5870019874549998
11 76 0.6771825629704814
35 80 0.8744387212474036
63 1 0.10392976733313708
47 89 0.7978078167161039
11 49 0.2760360321417239
9 92 0.763848400544963
10 23 0.38857372060650475
58 97 0.44812858403525446
34 64 0.9166677375823917
93 46 0.35718048878452024
48 59 0.9856043070770206
43 76 0.766109529041185
45 68 0.9063572734010132
49 68 0.6563571507249596
97 47 0.06558839490731483
99 11 0.8937674352897162
98 88 0.41686760667848344
50 60 0.056397293639452784
7 9 0.5164478899964446
22 100 0.4619826516256821
8 32 0.6029001787970073
59 16 0.6253154449171555
57 61 0.7837031542041564
22 58 0.04397532090673051
4 19 0.12464354398169408
71 91 0.08236878635494882
78 87 0.06664599685231565
85 25 0.9554709649976371
21 87 0.6355930597054941
57 54 0.4205042553760314
