26 24 0.31030972316166927
24 88 0.626068956460014
7 20 0.9722345424296062
32 9 0.8477166311057366
100 69 0.11452473568451527
58 16 0.34100397083921263
48 24 0.857335266290861
22 59 0.18397034857408878
33 75 0.6434537459633722
45 23 0.869458081943998
85 21 0.8905794077632891
15 45 0.10712352651194756
26 9 0.6912028141341182
57 15 0.7466930480660525
98 39 0.20617193473247541
80 48 0.8574224197437391
94 10 0.9180438412275025
74 25 0.31326156500175373
65 34 0.33487792241027126
80 96 0.6147851967044554
81 43 0.3389865501540632
75 5 0.9893726598384738
5 0 0.6509537083501151
88 50 0.5417965253985562
87 45 0.7223224559151662
55 52 0.3123223109180433
62 68 0.1105918945827532
20 29 0.9053500994398463
78 5 0.8072051354447303
62 87 0.6330622881861256
60 35 0.8876183915858952
59 65 0.18735562292576902
70 72 0.9070047131012468
30 22 0.6475554403435158
100 82 0.12535138197676965
33 80 0.5312846597519467
28 78 0.8090130203136835
50 31 0.3055746828465039
25 40 0.9776587479446603
89 18 0.846110785738774
75 15 0.9090843993125274
19 39 0.9566729261637712
77 76 0.4231969177132986
23 9 0.12399016175644673
95 67 0.3461059322328651
38 34 0.5210828939354469
98 57 0.6603133348055665
11 33 0.03596585721928047
51 92 0.16398905621588156
62 58 0.5531541627474502
95 35 0.1686195111000598
50 5 0.2321678349646824
57 9 0.17953033752747893
40 72 0.4053055895027511
50 4 0.13648854670345079
44 77 0.9805306360986669
65 82 0.9522328851746157
21 0 0.2949239521866812
23 63 0.27721424918754545
76 57 0.21079672587015252
86 62 0.6437190497756106
43 25 0.6342474764900464
48 14 0.745235920178901
23 3 0.20004936645542992
32 73 0.7554074820963038
54 0 0.30361266239886464
74 61 0.22503636698288876
47 36 0.7585409104624096
77 46 0.9932470446642903
76 51 0.7532399091544092
20 84 0.14232519313556047
91 55 0.5291253170312584
61 24 0.8974978747234152
86 72 0.7934544039616491
30 34 0.866477809234418
4 53 0.6766126100088202
48 82 0.24255270018911257
15 22 0.6670136175809193
55 8 0.11504746199352434
44 99 0.9269775789178144
56 25 0.009610990780849038
7 100 0.8545005767458188
55 98 0.1635800684252009
90 81 0.3740146968702147
40 22 0.004289091259693789
90 88 0.8456643113124246
18 24 0.5730715613378834
65 67 0.6012194712274286
17 56 0.1851790458326441
98 43 0.9980679250171415
77 42 0.28709093125136664
53 66 0.6289869974515765
74 59 0.5853552051642196
93 48 0.7935559343718211
69 83 0.251719258970721
16 24 0.5344540401777296
90 92 0.8932518805047721
34 71 0.04832203806918711
49 90 0.8768674130502007
77 4 0.011563062919497935
16 97 0.22475505828200648
75 37 0.9699113509953758
66 90 0.24201410907910992
66 100 0.9385828989239023
33 65 0.3281012463867954
45 83 0.96989961660768
36 54 0.6763652022163064
71 48 0.5922649937418226
44 39 0.34294734185141373
77 4 0.27212405779158755
84 54 0.14276081331003787
87 58 0.9580127452857986
78 27 0.8118353192556288
5 31 0.9218389651944003
11 23 0.89566369464599
60 3 0.22714664666835338
35 59 0.7657580908938038
78 11 0.43656721773264906
18 28 0.2760268190107078
13 99 0.10226761738486878
6 62 0.13169663479592275
64 69 0.32919651000692873
82 100 0.9332323939015358
7 60 0.18803536763929785
54 5 0.28368749235424995
34 91 0.2425822047414984
35 55 0.7135980988295947
9 39 0.29340698359591477
76 37 0.6679314666492076
46 6 0.8362669253106627
58 18 0.5123777679539111
47 69 0.7188219929453386
12 94 0.14218047738282236
38 28 0.6523028365687442
3 32 0.9391962201338145
23 4 0.8730318286519053
57 39 0.2514894757246482
87 72 0.0076305948925851075
92 31 0.3130597930073993
66 83 0.4956990048416462
17 61 0.9687758932508522
42 0 0.6954691615958664
96 53 0.25254884894599106
92 16 0.2233112949562368
84 9 0.75079803663346
48 87 0.6074439135172343
23 43 0.5194482319059864
40 93 0.3555883142427758
78 87 0.45131853646964026
72 98 0.3599022869206798
27 44 0.7670304716757324
13 72 0.3653584152812648
99 64 0.15664356571545202
81 50 0.9465243198412451
95 98 0.4627788320837013
95 11 0.805222261798167
8 56 0.09402504698781677
32 75 0.2928701267283039
0 94 0.2766255076646027
91 71 0.990621125914342
45 68 0.06786789508912883
45 11 0.5506848400375012
55 6 0.6916850289532867
64 67 0.1727335433383541
47 0 0.27174850948577134
3 9 0.7735429823326209
16 62 0.916909477891985
17 52 0.0292948288039514
50 42 0.9949008169508172
38 44 0.6071258900890873
88 6 0.2772867969910563
50 28 0.82336835551898
43 15 0.47359873770433514
55 46 0.16099000519866768
89 4 0.03971467795344796
45 38 0.9421068717837087
78 53 0.08574083725236459
29 55 0.5697289605954926
90 82 0.1817131242387674
69 1 0.010980930257156185
18 67 0.91113670051346
67 4 0.7087215571247936
94 22 0.32752949106361184
86 65 0.3628626909472258
72 42 0.32795737338994346
32 44 0.4042622874095828
57 86 0.8681254979022589
8 54 0.8593328972102301
62 7 0.07364480874045698
100 70 0.7358455936330254
88 61 0.23395267988319068
11 91 0.4390275561056586
81 69 0.708691151686179
0 16 0.5114059826366437
2 84 0.13196550508506644
66 56 0.8246650907145006
30 60 0.8710095219391617
50 100 0.09139880298277181
74 11 0.17210377902607044
1 78 0.4003841794658761
24 66 0.891188428066089
83 41 0.1854515259658962
87 30 0.033925055763502576
68 65 0.19380222112610068
35 68 0.5432021557502411
40 87 0.10529970005881661
68 55 0.1155378939805104
26 27 0.6072531535587621
23 31 0.6947908025474322
58 60 0.7909153858121436
58 52 0.07433602541816231
66 100 0.6254809859794164
29 61 0.7091023748845996
52 66 0.49415181439722866
25 20 0.05907242817297009
90 37 0.5302354360931932
37 13 0.5472336422722522
69 64 0.6376953057572439
47 92 0.5543910982347744
91 64 0.8013375100969476
11 22 0.4228082222095787
15 40 0.19363641235675344
7 39 0.33430314636837044
93 41 0.8098967884988467
21 84 0.2728698878917766
57 32 0.08753224751097421
88 85 0.32710182407733024
48 85 0.18549817416119274
58 4 0.9568288774266791
31 34 0.07628240531935493
39 73 0.24979403028384572
93 25 0.8672220282577111
35 76 0.7181954588429744
27 43 0.5142392392845989
67 0 0.48467248397713114
91 87 0.41711733872655155
19 10 0.927669851002971
37 12 0.43667830764191595
29 69 0.5602649317681956
9 93 0.6120014233302138
71 67 0.8217403295948293
81 43 0.14853485095387664
94 79 0.9787365013681588
90 65 0.5912198382551518
59 15 0.9915605482404304
76 86 0.3184162151085491
71 75 0.750212668035803
48 39 0.8213907149167952
42 74 0.015390083320138803
31 51 0.7547663166196054
77 50 0.24358354860783238
66 19 0.19271512473147223
3 75 0.5700884526574022
80 52 0.7632454403653856
24 61 0.33566459547866967
71 35 0.46797448660837915
57 89 0.03685381299952495
1 90 0.9712757610289587
61 60 0.6852121151914833
47 30 0.5718475429770737
28 75 0.9094937554440393
31 0 0.1761114993380266
56 83 0.7760024449694817
45 75 0.6335908114524791
27 31 0.7225804318968985
44 74 0.25840971640314725
94 73 0.846597736861674
96 11 0.7360134279784141
0 82 0.931327540092856
52 36 0.8870736737124874
24 10 0.8160764273805038
44 77 0.5546135460589957
6 63 0.014884477511590277
0 61 0.6904782808538181
72 54 0.4184622581542906
35 3 0.3022570787742289
17 55 0.9769149585291941
8 62 0.6492295006677762
22 47 0.9857305431770589
75 48 0.7527720690701278
42 7 0.096724089089951
25 51 0.3967437941674079
77 11 0.30292836270936385
100 75 0.38027566601346796
75 36 0.8639324351916464
98 17 0.7067574037501276
73 60 0.604387368111897
75 84 0.8023072006927926
52 36 0.13089258437839946
58 83 0.5315252191026378
14 28 0.5060002893257942
23 4 0.16220937879786823
55 92 0.20795335391256753
49 1 0.7951545035254934
6 76 0.5822581503815684
10 92 0.781183633629591
18 26 0.2655881833659447
28 19 0.11276822947496157
48 56 0.9573891314186085
98 9 0.08178292739327564
85 22 0.8474968651255079
55 65 0.8183108687764744
4 21 0.9272118657548609
63 59 0.20764214441275297
64 98 0.1849264377708839
10 64 0.9277430264088029
27 93 0.3861793610216704
99 57 0.19486603482976894
63 15 0.6506955320928399
63 46 0.5787052383400252
23 42 0.026648802978070818
84 74 0.46494872665625053
92 33 0.9233683424646739
34 16 0.8018512897151523
93 52 0.39018864437984646
44 69 0.5525705678079644
86 99 0.9519680973580085
22 4 0.10211422618606658
6 23 0.49391349666822193
62 99 0.49382028856849625
48 99 0.813509952953227
97 31 0.13973586495527168
6 97 0.3365743241526581
85 18 0.45380239466030436
15 4 0.7732408200993298
29 31 0.7967825383828735
100 48 0.3097909380954871
95 88 0.7596980001313207
35 8 0.6322066090027831
11 52 0.6144865342952494
77 43 0.9738543933350925
48 71 0.803595296996356
46 86 0.36190906275348966
29 6 0.8461996067765686
60 46 0.48384567621027663
34 70 0.2618471427927538
56 23 0.8914497852144677
75 45 0.6970138942865549
70 63 0.07938222000942574
48 1 0.4618492379683744
63 97 0.052233751636331927
22 100 0.8869078773885419
75 2 0.8018465707388422
34 57 0.9510717823015218
77 38 0.01852134184365084
7 100 0.09845102983284004
26 27 0.9291571853592541
2 94 0.6921574022706878
58 61 0.12104622431223877
40 80 0.08034064154789966
5 38 0.8701591116067353
61 24 0.6361935860019668
70 7 0.6983174774402044
70 78 0.6100484500678945
98 44 0.520578847559139
32 12 0.33282363017933614
23 35 0.8267804059738811
26 67 0.868711021535965
79 77 0.5677947428259166
66 3 0.18396702645298002
100 37 0.9616240237283814
19 67 0.5796581689444231
27 5 0.09555029328170128
32 73 0.26416030806416124
60 6 0.12654429124122946
68 74 0.0797365584859967
81 94 0.8141192257773305
30 22 0.19008218441355895
98 63 0.1306590167039835
48 72 0.3967790545868466
38 4 0.3194444707167028
24 52 0.19881130123770896
17 85 0.2430234965434901
29 19 0.5435154946187047
58 75 0.143152699981692
72 21 0.8525251866607707
6 28 0.3618114757868216
43 62 0.13750534128276848
94 41 0.07722816400863164
31 68 0.19186477363141863
60 18 0.42867560747346656
15 77 0.9822138569337031
19 72 0.23585658913653984
89 41 0.2550823825409203
46 60 0.6307813530796011
73 41 0.9287373791747928
98 82 0.32348603355063565
65 80 0.04931678393671013
91 45 0.3354607694710201
34 1 0.6843712033265418
78 10 0.5936282844184952
3 32 0.6287779172690751
10 90 0.17337971808608144
98 36 0.46858598774569504
70 72 0.7989133518423303
15 70 0.7159672150245212
37 12 0.04033496177422713
42 46 0.6996623195689847
86 74 0.8131591095753371
31 88 0.8267981088698877
67 99 0.22822804032789068
31 52 0.4772074941839116
51 73 0.4666424785745502
63 25 0.6822654808625848
23 27 0.3583944836566597
50 96 0.8540466281679508
83 88 0.2128694952155633
0 62 0.7639176976785126
86 22 0.32732336839632115
97 42 0.9286234566967085
87 23 0.9532911811099987
76 2 0.31062034738481104
64 62 0.6272406207169022
59 86 0.2541284889004988
35 71 0.9287428914485534
3 73 0.13128604205719918
67 66 0.2506421438998139
88 80 0.22312411389693787
61 29 0.49409769755639366
46 22 0.03413868693175781
56 32 0.8475894259408482
21 50 0.09939752150388159
48 92 0.888308692310481
78 12 0.6057837549848009
93 40 0.856679430115911
1 87 0.07094090085501326
21 86 0.5066019722148867
33 38 0.4249101717695416
22 38 0.9886298578714582
59 86 0.32930332962776965
84 73 0.4799986146004821
12 27 0.4907028938286746
92 91 0.6113383976033765
92 25 0.014694850204411969
42 30 0.2261710059370471
20 29 0.7294168223414256
10 44 0.2240821095686455
79 36 0.47794188647178915
94 95 0.710538049325678
77 49 0.7784544847617303
62 22 0.24570927286800792
69 73 0.671959566042741
92 50 0.524761573905202
75 52 0.7365355001261703
11 22 0.7857555066211878
23 28 0.8702938851159951
63 11 0.9943435504398854
58 27 0.36565074690590715
56 79 0.9272240550543415
70 32 0.39083659112975166
51 15 0.32270047631808674
55 71 0.8464821636433842
84 4 0.8191081722074905
3 48 0.0564141307031959
89 46 0.6960385888201748
70 38 0.6722033300143334
83 88 0.2987892682141947
33 58 0.41178894528751053
70 5 0.3983676323683861
6 25 0.015943529503241516
28 17 0.34655991004200837
74 10 0.03265205021314921
89 6 0.6643413125420624
22 74 0.12403152071507206
26 5 0.2223670180970473
79 9 0.3335073482978914
34 62 0.23581616424638052
81 50 0.37647223214413805
98 39 0.5993074773144043
48 51 0.16758499620431844
5 40 0.5888877454728016
90 13 0.20373350470658713
13 82 0.5520739829076377
33 96 0.7971634582134829
84 65 0.45670603586010217
11 18 0.3286989961454114
81 98 0.2181245882938153
39 84 0.8953335353622569
32 54 0.6999491955539533
9 26 0.15270816453103087
63 83 0.3603058239438348
87 83 0.7983204774576299
99 69 0.312583588029651
94 41 0.7094031094221801
25 30 0.5897293770889591
3 29 0.5637951950204628
79 62 0.7374858720059659
80 11 0.3766883736825646
16 80 0.8802170822503863
87 86 0.7873737994340039
83 55 0.5835033393414758
2 27 0.05279486522118215
8 79 0.1449061097628599
10 27 0.7756031155557909
92 100 0.07154236665402391
82 17 0.40860705681686704
49 24 0.6473815846133233
3 99 0.3087569750990796
39 28 0.391049808200729
12 11 0.5943607552926597
85 95 0.09358201086474094
0 25 0.474076098065484
55 11 0.4109112726297063
67 83 0.4857304563383641
43 72 0.8877373443380321
50 36 0.8922104152342529
92 71 0.1129037615476165
88 83 0.6637242285064002
39 61 0.3731547537970662
71 10 0.9578956246186344
19 55 0.3907335649848921
81 63 0.9214727942599966
21 53 0.31398509156480947
97 15 0.9175752651991438
43 34 0.34577164485916656
16 57 0.38240233280925884
94 50 0.3682926758954389
81 32 0.13786526477450278
4 76 0.22620872802602943
46 72 0.9464217761306306
33 0 0.8256320062564584
24 97 0.03153815822502104
18 73 0.20172075999757144
40 53 0.14607995860367173
25 69 0.9191893353817354
45 31 0.3636283963083137
11 42 0.02627607926623643
36 11 0.183901623252003
31 1 0.15921560787735944
71 25 0.40909673223504595
37 79 0.5110861432022862
43 96 0.2634059522355512
10 76 0.7845447399065457
27 45 0.7056551151457848
18 59 0.9931619541583145
80 42 0.41639838606673363
60 63 0.9854715689798771
37 82 0.07272074820126961
53 19 0.48611532753315345
28 58 0.757968928214562
98 57 0.8714868383829514
33 76 0.3039620405262078
41 95 0.5818434711974273
55 38 0.07171289104483525
20 2 0.5883288688108382
86 85 0.7734638428705543
38 43 0.9027600196441867
9 8 0.9784401901492416
84 14 0.3733101394977574
45 37 0.5368282124484904
17 14 0.3006002703878986
66 38 0.14801324654135606
71 26 0.3363916490630975
9 0 0.916131150855359
48 65 0.25425809976097824
63 38 0.3372064297001922
65 98 0.6221485401245446
90 23 0.6379488718144259
28 79 0.18760659680531278
41 54 0.5603819323485552
41 67 0.4526766618930951
84 8 0.5101928405186992
67 48 0.6221568524907507
19 52 0.8617206673740716
2 90 0.9644914142522961
86 41 0.02781028775344563
47 58 0.9017699091640606
87 18 0.420415875723529
67 24 0.6477186042335041
80 67 0.7779589095153877
36 23 0.2324159732347275
57 23 0.27012940015395537
83 95 0.5991529658820448
37 9 0.9383788075305065
53 34 0.22897798426843408
45 42 0.050560930963989836
68 58 0.023942936216216903
93 72 0.9625557760235738
65 2 0.28989540572563055
94 21 0.22804760406114755
79 90 0.5420191579901529
2 43 0.15394133466242965
91 89 0.4611812598197482
18 17 0.2778074428501365
9 14 0.25812062122526847
1 45 0.27995619371161373
0 98 0.5720684271311646
53 60 0.025370412563565314
70 66 0.7448898679127743
70 15 0.5683108952327988
67 56 0.5185962825036632
53 3 0.5289629264482224
20 59 0.454144846185767
22 7 0.5157532819463231
82 67 0.051896344253040905
80 10 0.572710061126435
22 85 0.12306731842138008
94 54 0.9271885174210263
33 18 0.3299747519341746
35 85 0.2913099212689595
