34 2 0.6813363121140836
56 88 0.15196763354589304
92 5 0.423286930693484
90 87 0.36704327290326855
53 11 0.8600006255076551
7 14 0.13952171073664477
74 15 0.6915433711442746
14 99 0.9965957599671025
18 4 0.5518039705087125
80 16 0.3224693537523814
19 44 0.9328373729340798
22 40 0.7857088840979386
27 30 0.544603778016255
17 56 0.32781761843700097
17 62 0.4613536101691319
44 67 0.9134619700593217
5 29 0.2587968209002204
14 59 0.5823883823922297
48 24 0.732336338501094
52 43 0.23053667742652117
89 87 0.0931160787112515
24 77 0.8490458887584698
33 17 0.1634507323813882
60 67 0.8928103918405438
94 56 0.923838732463631
28 82 0.16619324820999237
27 24 0.7166477462844018
68 75 0.44464359485860017
80 93 0.2509224430564183
86 75 0.8975475499325184
21 65 0.5464297397487818
46 79 0.05837870544366652
99 55 0.09591132197406627
94 42 0.7992370624455943
99 75 0.4205051512305201
42 32 0.9346212449095227
27 92 0.3362032460472433
77 23 0.42526704739045995
59 13 0.32040423185697875
35 51 0.25229663117836665
96 28 0.03363605821801552
95 67 0.1984716396195363
50 38 0.37927105893980617
40 59 0.4447141702470627
36 89 0.7120373113987118
16 47 0.7463097291231798
65 87 0.528158103450978
14 93 0.4699850141480888
2 37 0.2350486129657089
70 88 0.9661168125829007
53 46 0.6398794165283226
26 59 0.817693954307733
45 70 0.5022389819594474
13 23 0.7986730662956414
75 66 0.9009719469464775
9 50 0.7572925088774022
3 63 0.6448522643821932
13 76 0.9306182504223789
42 39 0.5012265283487113
77 56 0.8378166626532539
11 89 0.5722117850909368
86 32 0.3391053144757227
24 14 0.205768645159204
20 46 0.48285789360648745
21 78 0.2508411912841334
4 60 0.5926481905308952
100 87 0.9633676671167534
66 29 0.7065583077639135
97 52 0.1428772287063893
70 55 0.6183497918308618
65 97 0.5659434447701067
41 44 0.7972144487984525
4 67 0.8204868778412668
62 35 0.3617199890837457
52 78 0.4085460678396666
43 80 0.9862946548707505
37 24 0.9423944394560404
14 37 0.7047844003141287
30 79 0.8885287596915271
11 40 0.9092534810608932
0 25 0.47144007110506125
53 94 0.930166486449808
35 68 0.44336384717079014
73 38 0.32761553999343784
58 91 0.5490604507060957
85 44 0.3630499508951943
99 66 0.9035016786202148
69 92 0.11905702111417737
78 57 0.6525118577477022
93 39 0.4430957898683301
22 94 0.9534154145468628
63 19 0.08833882561766104
38 25 0.6726638281485492
1 18 0.13276123554982266
34 30 0.8099963831919168
86 3 0.567531072158094
67 88 0.2831184483015887
26 2 0.6814171442211092
4 52 0.8809197404702213
48 100 0.2902421152828891
12 71 0.06929576825915906
27 89 0.37095426825443434
54 57 0.1656211879190176
61 73 0.7590205621277342
42 45 0.08347748191003268
12 25 0.9576148283641464
36 0 0.10593526571158784
1 19 0.19583007790454143
93 14 0.5506756216329486
56 89 0.24824389881135067
80 50 0.8421066388241192
85 29 0.39214049276098595
11 27 0.3621617751420325
27 22 0.8993358192882328
58 60 0.23389756888518043
22 51 0.16816793644312455
28 31 0.9275315045356503
73 56 0.01120089012836023
69 48 0.15481629853422263
57 44 0.9238324651240473
40 6 0.158298915415355
1 9 0.22488136786424406
98 68 0.9477767981711969
54 4 0.897801526720047
21 51 0.5963210894766917
21 46 0.5651834228708136
24 6 0.13900294678436476
0 59 0.8120877990515131
60 98 0.13800242045564393
44 39 0.9734348943505059
78 14 0.9782280585733828
74 66 0.32053167175301234
86 33 0.6557918239015577
33 53 0.8456440315514422
49 91 0.013000776529779268
78 84 0.307004541858663
33 1 0.003303276703276792
2 50 0.5916170803855079
46 32 0.33893246936983423
39 66 0.1059129933923294
82 43 0.6378033224078127
76 7 0.11482844706436923
14 41 0.3428615585400945
84 66 0.7043640459778107
76 29 0.16989421187550113
75 38 0.3732669133590202
65 75 0.5619738861360117
56 18 0.8134860530471121
39 68 0.6096432901482002
91 53 0.5156576573041799
43 47 0.38559589431512786
46 47 0.6135363250601447
27 15 0.5198796379474021
6 10 0.20825257978541156
7 6 0.9627826493697503
40 71 0.5639479921406854
51 71 0.4015212795913109
10 93 0.8038166961326465
43 71 0.8514313778957533
45 68 0.405562187912736
25 61 0.03748823980681337
9 72 0.2856420385366356
96 24 0.5782327715671921
16 71 0.42504475433905053
98 44 0.20404874169645293
25 77 0.03695059816060964
90 6 0.07483745669179032
42 79 0.510629141777578
72 52 0.2537217828192423
49 25 0.10874593112037034
68 52 0.3949786007129863
63 50 0.8530066218345628
16 4 0.8166974004885449
63 79 0.1377691907874008
80 41 0.014577426015768835
95 71 0.08709953901941458
40 48 0.2933982525722928
27 32 0.797974511832069
31 11 0.39729584221953707
91 60 0.542356739069172
7 72 0.770779086859821
0 54 0.17823412995805632
16 73 0.28830941252412956
33 48 0.9608411047896929
22 13 0.9283709353739606
20 51 0.8603555638124296
97 1 0.08900322613966893
88 38 0.8195678974230939
12 44 0.3035626613227681
9 48 0.9266863520492207
14 34 0.38775291546830737
25 5 0.027263171410379927
82 27 0.7433371942105865
25 42 0.036093981122782504
82 0 0.5174464306879332
73 78 0.46302879483155146
64 35 0.2301851515112585
100 70 0.4431995545701489
25 28 0.23251597002366675
59 38 0.0496952541389265
66 63 0.2402671042516853
12 11 0.22505095335370928
59 57 0.15236524513105776
23 11 0.14300612669862123
11 61 0.6005682840289481
13 50 0.3616943321943501
100 86 0.01183308089544588
33 65 0.8813797998337468
28 25 0.5067519447686395
19 86 0.32694223376373877
11 58 0.6480737805474415
100 64 0.8050406200153843
65 99 0.16818332722703522
64 13 0.8789402761186961
1 35 0.27312586511880654
81 87 0.9964462909843197
39 0 0.11728455949211702
76 64 0.54269597681164
64 20 0.472836107295755
70 32 0.11858443552739573
12 85 0.432998505945578
72 15 0.25351744387803565
48 8 0.8935618204954636
68 21 0.11391711079111644
69 80 0.9588414553010124
93 46 0.6026759373131636
28 18 0.13196888888597313
86 95 0.567448781323296
5 64 0.7833834569671331
81 49 0.8799778737581836
74 38 0.12189153526445307
95 86 0.2984014470311722
99 25 0.6161368637569167
91 43 0.6228586707315763
15 19 0.24303570750114423
46 19 0.5726244343460101
6 54 0.5617315533904247
93 92 0.8979735946496915
44 56 0.7167554218175527
25 55 0.6175881198327803
57 9 0.13973094991332458
43 87 0.19116922360924626
83 97 0.28830418279230186
70 3 0.262676847081324
1 90 0.42048891349111217
46 38 0.5272671247473366
11 30 0.6236796240587726
35 83 0.7378704726576911
66 22 0.5217294466712635
80 23 0.27614707434262875
95 51 0.655328867674054
27 61 0.8794063564059754
76 27 0.9162328449766346
7 11 0.0018141481329223552
93 65 0.0876376272232301
45 82 0.012439196629244753
58 22 0.8127152435489562
69 56 0.15600058264366023
87 46 0.25621925211122565
89 100 0.6002285616670209
49 64 0.3047568074817766
3 45 0.8898448621628364
11 93 0.04987747592920533
100 63 0.762318118256714
8 51 0.9205435671771143
9 78 0.6081994784654956
50 28 0.9522611684831537
50 35 0.28888539824206516
50 10 0.9753050637837263
75 51 0.17230216010163757
4 51 0.8475243508904676
14 92 0.24940771882908463
57 86 0.17039523265583278
67 96 0.7019935953489269
100 36 0.5333115605606568
82 90 0.9276520167240132
91 67 0.8039922256625963
45 66 0.5257472372047542
6 35 0.7281392053879062
92 55 0.18797866766385507
58 87 0.1395162982845909
48 51 0.04233877445507228
17 61 0.3031798550387508
82 51 0.8690827543421368
66 5 0.7098628105318954
54 71 0.3745258021821585
80 82 0.23759364152310425
100 9 0.10384481464826667
39 83 0.7159970882637359
22 96 0.3064203086593147
78 91 0.8763091971911348
96 87 0.8321778212416919
90 79 0.19892725232815123
9 16 0.3787144889773395
39 31 0.9064689004804626
16 18 0.1791335561029277
55 96 0.8666228321718805
53 39 0.7357767652985596
63 79 0.5646877381138402
76 68 0.506630033966449
18 90 0.5176856919522269
8 86 0.5823901012037248
35 17 0.37653883953145606
60 48 0.6488536976621053
10 80 0.17878537396306782
47 7 0.8841797086383331
51 5 0.49409442282993177
69 50 0.5691939847990044
9 1 0.8262832085173674
26 41 0.6528621152676598
8 52 0.27162040073288496
49 6 0.9952683974952585
44 17 0.9815446219413443
60 80 0.5562931189554775
0 61 0.1451502852253851
98 65 0.9197860731859064
29 6 0.07719194373298766
6 51 0.22393752108986886
20 7 0.4005433389739934
66 57 0.8015600246411837
72 10 0.9649113141159126
8 33 0.187322443700912
88 100 0.22911408449536763
93 67 0.07298463252234255
74 94 0.39854568503039767
81 25 0.8684184092569042
47 41 0.09949272747532001
46 7 0.5431725113747227
9 11 0.4955806668696816
8 38 0.9050472640181604
84 2 0.8167122533435979
41 62 0.5281640000629566
87 77 0.9866270972397779
89 64 0.5309422251284981
27 36 0.19460538605947475
2 64 0.36911258012038706
5 7 0.8470784635551882
34 57 0.7355656114102775
13 11 0.4205389018035304
88 23 0.26398441919269233
91 88 0.09358387666031709
24 10 0.5448729447133869
32 72 0.20137554688194137
17 7 0.41438972406925123
69 86 0.06579987747817251
94 95 0.5250096470661949
57 84 0.06762952836833647
0 72 0.30909016225281505
78 81 0.8448394871131675
38 29 0.1791528023727571
17 79 0.45975673514337445
70 82 0.05960167304569142
71 45 0.4593489897639971
23 57 0.9139519159491623
71 52 0.9600372214323283
70 45 0.6174546883611585
19 2 0.8437620418650214
87 17 0.8698303596326945
7 48 0.3772349120722117
83 55 0.7184896802648706
53 19 0.4805018949756238
6 79 0.7417146327297119
26 43 0.108088955987929
27 40 0.45249730779638886
41 57 0.9529234088188853
86 39 0.758810588768435
97 96 0.6161774508481053
4 2 0.2281040646094229
49 52 0.2579141026682883
81 83 0.5497369843380279
28 66 0.29409775196112464
0 35 0.2574638953563003
69 80 0.5751438343186488
0 51 0.49200653638226666
17 67 0.27692632717538923
73 5 0.25809113243068615
50 61 0.161058132979647
65 40 0.8857395501430794
23 83 0.2507631064035072
57 7 0.6516973444128951
89 14 0.43091876869933243
99 5 0.5966472732263192
30 1 0.7309493020165767
60 9 0.9468099737406367
82 50 0.2128110991209924
83 37 0.337318650019219
80 28 0.9250911276029384
67 86 0.6839961354303697
99 98 0.35838406739195394
39 25 0.3736608868738506
88 33 0.22928159470045195
20 40 0.18699743597770369
70 37 0.4860614245288877
91 71 0.531800066197348
12 43 0.7672750829395513
48 31 0.6725747474066174
28 74 0.1236797994585992
14 50 0.6334594361993349
89 0 0.15543119279452244
28 0 0.7652687077462358
70 91 0.7120369089673236
87 23 0.1651441555416584
68 76 0.4992500409550209
57 39 0.23031183428286883
59 11 0.961846472358805
10 61 0.12962808443401863
2 15 0.6403778296499961
3 68 0.48375473257403745
100 63 0.500501203931366
4 65 0.8182467278818601
99 57 0.7213925215484017
0 91 0.8738850882886015
76 75 0.260475064754749
65 94 0.570313421054798
28 72 0.5527712678587691
100 14 0.7199090704056869
55 95 0.2791328257898823
72 92 0.19961877584349652
37 91 0.6685363035098082
37 56 0.007049607183111317
3 15 0.9365507311425999
30 44 0.06405076558454847
33 93 0.5467266254306478
80 14 0.1465981051026608
56 59 0.26456553001633554
92 98 0.8386442096154192
21 80 0.046458799710476284
71 45 0.11060102677944672
11 60 0.7477637754225669
55 43 0.2859958119471748
89 42 0.26164675229248213
26 53 0.46307148648804974
17 28 0.13843208821249442
54 20 0.6786741389005229
97 51 0.5254124909296456
66 89 0.8346973840214601
37 76 0.3272121395548855
64 75 0.3033532549859138
38 32 0.7803742070868785
77 42 0.13247076449025108
53 88 0.3400311092758348
15 84 0.37446438117239267
10 6 0.3635816880953656
60 78 0.4789708837179051
30 99 0.048906432353927
93 78 0.5989874825768119
10 47 0.8275536845451484
47 73 0.23216173714945132
56 18 0.4853365151196455
96 14 0.7756505761138681
96 17 0.9132500793024858
34 99 0.393623408672651
54 66 0.1033237132811119
0 23 0.6740450341705271
14 10 0.5562683945116851
40 19 0.9169644890173838
16 66 0.5530091602145782
19 71 0.161565439037624
92 65 0.0547316292096125
16 81 0.95092147907189
28 14 0.14303272975182257
1 82 0.2289783668094274
23 8 0.022190805627674504
1 39 0.650979366493268
0 46 0.5659126118857561
46 98 0.04338957553922773
57 77 0.42535473197984486
11 47 0.6430416954050165
85 57 0.4327815699521913
87 19 0.9515598406327647
78 66 0.08263501990038169
27 24 0.2877937078413181
45 44 0.29086706364754467
20 27 0.6332721501933452
86 85 0.584996809344453
7 4 0.7204876282715018
8 81 0.6483665665637222
79 18 0.7360001984718035
39 26 0.6180772355934714
45 46 0.7298969891516585
58 60 0.2898984969335189
84 51 0.8488673685931661
39 69 0.8217650843877164
76 47 0.3243906983562266
0 93 0.25394109639470275
76 14 0.18879081193661473
58 29 0.36463180850211396
96 20 0.34135284305722713
17 49 0.14879451118537046
93 69 0.8648411158910437
11 0 0.43514004227804315
6 20 0.527904712891025
51 1 0.969602989002184
32 84 0.2452868707540825
15 83 0.18982173817584813
72 2 0.7273956197102084
55 84 0.6130662727022849
12 23 0.057859838863150714
7 31 0.4846180551107476
71 64 0.7464694889646417
