10 70 0.5747986634094708
74 68 0.23060734169383668
43 97 0.623759225097148
4 65 0.5659187369081338
16 52 0.9168456448116941
79 54 0.8188276066837716
11 28 0.6958083959561595
13 97 0.7586956601215743
66 76 0.09390693659147364
34 14 0.8426029589784773
21 41 0.4638485387453073
26 40 0.516986403553277
86 27 0.4679278059745805
46 23 0.8756290766425237
91 58 0.31414614902176596
44 13 0.8687958448674906
97 56 0.7306360534545107
59 99 0.14264151894632937
78 32 0.7299629554308155
90 30 0.5663652836243206
10 24 0.713760327932428
32 39 0.7708275697818863
81 17 0.456122633680881
88 52 0.5524991098791485
54 92 0.15008977302644355
91 49 0.7749417791294406
62 79 0.7241488939323671
48 93 0.6017519868274072
7 69 0.621408537520288
54 28 0.09052348488930284
18 47 0.5969014273000552
12 72 0.5432480287162893
89 99 0.6772030445792256
83 91 0.5216936618474358
44 50 0.5028167562498004
75 69 0.3105137354238706
78 5 0.5660172637323134
31 68 0.7303393220540825
96 86 0.4613553403315086
71 74 0.03825610697547255
49 4 0.49708309473302714
65 51 0.7158780598739598
36 3 0.8389731783128739
38 87 0.15415558664793327
2 66 0.6777446978006039
68 18 0.1568979771857295
63 23 0.5604144244024465
100 34 0.5766799595124046
23 82 0.8170156484003136
54 47 0.7302059671456576
10 14 0.6656471673341593
86 35 0.32011234197414684
16 37 0.48590389320626104
91 35 0.1413019554185031
16 57 0.5549157925237143
71 62 0.6973150771566019
30 59 0.4690645275994315
5 78 0.5434992334285655
82 70 0.6746655332372343
34 73 0.2518437610396572
22 61 0.1365935766969688
40 13 0.9791947164952921
48 37 0.9200226333247344
7 1 0.5077640114045818
9 50 0.43242954509733333
86 51 0.2483143946218881
27 10 0.2705400876274905
47 31 0.9673168178610291
85 60 0.1255986758680515
3 56 0.6079821444914961
19 29 0.9422159746932337
13 72 0.8425227895468355
77 72 0.8293246424724612
64 87 0.9937553841193978
32 93 0.808898262158542
36 81 0.5547511143787826
1 82 0.08285566346511042
39 46 0.6186439654277643
40 99 0.025807838709575592
6 86 0.5832038271632387
65 41 0.7389466892687704
17 68 0.5134110900813114
6 93 0.6573140358901691
17 30 0.5076597836004414
36 18 0.28958376404545194
87 27 0.8115132900797535
8 73 0.2891941967303532
10 93 0.9855874952734902
78 22 0.5346726082304425
32 23 0.3417059602783378
21 75 0.11346456800747462
90 55 0.7561475457773175
1 84 0.12254369654952857
16 47 0.06503705715366348
18 31 0.6908261984704389
37 57 0.32377285396626676
82 83 0.0034019520520696123
69 46 0.970747803260721
90 43 0.2576505756910772
15 6 0.14432256325734738
100 24 0.9544848443113287
6 99 0.6115865945021439
6 33 0.677197314292168
23 2 0.35081475972789955
81 67 0.5078161312411856
43 27 0.30690882061054503
96 27 0.41886740571551384
40 55 0.4856696809602954
89 67 0.2931074204987695
79 44 0.6443285206761119
92 80 0.8929842366942491
47 1 0.511851737774355
21 0 0.995321248964737
17 35 0.36505368735740773
89 74 0.28942750447442833
28 100 0.4644429295239222
38 51 0.876462663554815
2 45 0.4698081588183579
52 55 0.4459009335689246
13 49 0.5612080473349501
33 34 0.3262549435479083
16 1 0.8005334075661071
30 32 0.49849074326826004
61 50 0.04507603338968347
43 37 0.2781788821973368
34 53 0.8212968505974743
91 93 0.7160188618482369
40 46 0.23011425019422005
23 60 0.5123267321337229
6 14 0.9992024138540353
29 32 0.8175584336467642
99 10 0.4841352062255404
97 17 0.8644828680639648
27 0 0.43899307739738724
43 63 0.7770323201899565
0 17 0.5279860470562402
83 39 0.03183360802409252
21 10 0.7337830555643323
26 9 0.17451647925610725
86 99 0.48966111983530924
82 6 0.5353422982919797
30 44 0.790868223649653
36 41 0.2799969929150484
5 35 0.8564866422670226
36 51 0.29987062350446714
96 61 0.05047155158966132
74 31 0.5284564894414662
25 84 0.6144491845842439
26 83 0.19052597486391076
66 41 0.592334152174919
35 12 0.43264692876884914
55 61 0.718976995796501
53 5 0.397474360056851
82 50 0.6616203233531324
39 85 0.03706863910475222
97 6 0.2928642420704488
95 16 0.20519990219651385
98 4 0.6598471664990629
1 81 0.08291635786634644
68 2 0.009604385509455082
17 96 0.9203205173206022
70 73 0.40612921434016924
66 40 0.5708076324250698
59 8 0.9526543419919334
3 33 0.6017458626159752
1 15 0.2924519453566037
24 56 0.39940872900947255
16 19 0.13045198685053938
62 48 0.6420444053355958
26 66 0.18859270509423498
38 35 0.6434857862898291
80 12 0.4311510877427204
0 99 0.7570066496057236
44 10 0.2694520863873463
58 72 0.7353914612656081
49 32 0.5674874946319116
23 29 0.2937366565760383
53 15 0.4452156921713789
72 41 0.912465097594998
27 60 0.09568797006441732
74 47 0.846039704417715
19 16 0.47968508183367153
91 17 0.2803415727288725
91 0 0.3809012495714399
60 52 0.4226603177972954
11 34 0.3251364438306813
12 78 0.7898653691934284
44 73 0.3227016113197281
34 52 0.7694559569151181
23 98 0.39287874403358114
52 76 0.43234373313804364
47 27 0.9222166988890556
54 63 0.10237248136397215
15 50 0.6895505121914185
42 41 0.40479171882805887
12 94 0.6884996382861478
66 26 0.7955744019168224
89 70 0.12454877044987112
17 7 0.24022841624564006
29 28 0.1752834463358831
6 13 0.7385485491272855
95 43 0.3419876320614552
74 62 0.09150930191212192
84 39 0.7695595646874437
93 22 0.7065809770185254
96 39 0.5292216846189254
41 27 0.15687873588519075
23 0 0.7906156469862521
89 34 0.06764700878489016
18 46 0.7084724924772605
58 28 0.5702400540462235
43 12 0.5207383658875789
93 29 0.5352206650732676
60 80 0.1965705272188708
24 93 0.9549689215112799
57 28 0.7695264609089553
43 97 0.9644307655359131
51 24 0.5372600241323093
81 34 0.8911578901741097
37 28 0.7987840616180869
95 59 0.6660513717905757
73 67 0.1951188599486351
75 49 0.28306540277626746
83 98 0.2939137799684922
61 69 0.08043637333456632
3 22 0.33585897465029935
58 68 0.10043816597203903
49 67 0.5841343223645646
98 37 0.7319538451701517
40 48 0.5092837461316746
71 90 0.17586254004898505
41 14 0.8411139167539208
31 89 0.5984377258446462
20 93 0.6232067280281388
78 29 0.6080218888354291
7 8 0.6626220148043778
12 13 0.0663911991194962
9 62 0.5072930332743711
90 6 0.5771392331693475
18 99 0.19978131015713319
41 62 0.8505569728608247
86 74 0.820167093579646
37 45 0.021459033855234955
62 21 0.8781007127649082
2 79 0.5445430256749946
64 70 0.21341112168847687
30 98 0.44461517196237244
64 37 0.9986825608784539
95 63 0.6994229579764866
79 27 0.4696804424154821
5 23 0.5832038252005556
93 62 0.0925582883527657
77 19 0.3327099424876676
31 8 0.480602893150469
70 51 0.49506764155062377
29 2 0.03839758379996627
0 2 0.5600210860679811
96 98 0.9971984968885288
42 13 0.7502301863463863
34 12 0.6339327360788828
30 83 0.9489250376436312
0 77 0.941111669023719
79 96 0.2045632643262909
14 65 0.19690844239381455
30 82 0.44676376972402376
94 20 0.20952248676278407
64 50 0.8971939357119366
90 75 0.25387076419489996
65 86 0.9315607394020688
35 19 0.6595465945786344
36 51 0.36909758145361726
12 93 0.4735301847979314
74 82 0.6117266634227649
21 1 0.8410910470234021
100 20 0.5496193832720231
83 33 0.6410528870014873
45 83 0.5094076118174844
98 21 0.39028211116431766
99 80 0.5698356418058121
42 83 0.2829465411371198
33 29 0.8276546541254718
48 62 0.10065320320983273
5 95 0.1545629850921989
7 33 0.6803069975749956
67 46 0.6286254831240274
33 16 0.1691122934345921
7 66 0.15982312005128219
75 82 0.9493749377127355
28 20 0.302593073971668
37 61 0.41972832370487934
87 6 0.9808697613487406
43 7 0.3967725462642281
52 21 0.7036326926060577
5 49 0.5059501185484319
48 17 0.013508653369133095
53 73 0.9717566641216251
93 5 0.9767356660499154
83 59 0.08120566323861722
77 100 0.16906921397343277
26 90 0.9971113791078714
11 41 0.8008639605106476
7 55 0.9290818477051794
88 17 0.883318018282519
48 57 0.07664889879178527
73 0 0.7274386170015239
12 75 0.5169902137785716
36 60 0.08852545587948568
22 28 0.2828342353613781
12 46 0.5366176895572503
35 54 0.932951838511738
26 49 0.2667356980853006
20 49 0.8569333761785997
72 81 0.11191555499150685
78 23 0.884263321634762
61 92 0.7627879745042138
2 46 0.40863101157822
91 35 0.13631995359940052
63 82 0.12188903264230977
100 77 0.3972832385547683
49 51 0.25343806243309286
38 25 0.28618137867881077
86 20 0.9089031569241595
36 73 0.7295506067337456
9 89 0.3812349190221802
44 29 0.7933693374065279
69 43 0.9563353107052063
57 6 0.5944071321414865
39 96 0.197923587375465
38 19 0.0053853357245812195
95 77 0.9840929567277927
0 52 0.00640181921176175
30 19 0.6078884007717313
83 1 0.19127776919930117
3 6 0.430027344765915
31 64 0.7837589347683303
25 48 0.6888487390487735
30 23 0.9141432552234777
3 23 0.958128981099005
30 11 0.6747825189972048
19 65 0.08309459845187206
95 38 0.8498598614669687
92 18 0.577752241999307
30 28 0.4556111214867007
20 36 0.3285282026331464
48 97 0.3211832575542165
81 99 0.5313344879737654
35 44 0.23185385747459109
11 3 0.5067525893847972
95 86 0.6254576905522168
98 73 0.18187609143414918
42 23 0.3062234329726028
34 82 0.7710879756119929
5 24 0.12985914055881398
62 28 0.13178331344229943
60 73 0.06218604150867513
34 64 0.3139175900845269
40 36 0.1956166788870387
100 83 0.48728987131752644
60 20 0.24778829504564304
48 100 0.6561563070180454
67 8 0.6932536093470292
93 36 0.36970570288963567
11 26 0.6416264753996023
98 53 0.2278612940062139
69 78 0.7431521879342228
15 73 0.915264724957447
40 53 0.7120593608456981
17 36 0.39091355883330947
94 28 0.48904351271604374
35 34 0.9895183859912637
59 23 0.8257533998735501
13 43 0.9136556739123943
83 23 0.06960637584044715
16 96 0.9075083279913974
60 62 0.7540819614184308
35 76 0.31446257866096594
17 30 0.6206683932103557
38 61 0.9228558374011516
46 70 0.6166744188492678
74 88 0.6415702563521473
65 100 0.5162272644424085
54 41 0.9396202450677419
39 14 0.39889258383151327
37 59 0.43516776056018314
81 56 0.35193271779668744
5 68 0.19218297589077749
78 60 0.618835558716516
62 77 0.6974390297313087
81 62 0.7271981201650215
57 77 0.3758089602299729
79 22 0.891414784453511
96 10 0.4624912644788881
14 85 0.09997498983908193
59 65 0.8132639472369142
85 42 0.04267303490098129
72 10 0.5113725276691137
74 86 0.1394901164419361
82 53 0.7798121206532999
68 23 0.36353700991646964
94 69 0.13702951408201458
72 81 0.25099189094754626
56 20 0.6988453387795361
22 100 0.12040877459629018
27 80 0.017419114772018185
26 22 0.6533919525244757
7 59 0.4243180948257679
48 39 0.41182867088752206
82 3 0.7439502683995842
11 83 0.9030003493592623
48 45 0.4953711850097602
60 28 0.036468589018169184
43 13 0.7140563217539546
60 64 0.8721076386506112
28 36 0.31291974412256973
96 3 0.23118186371862803
20 40 0.6757730246724565
46 84 0.5606199105264045
65 91 0.5474124521160725
46 90 0.8268299811800642
28 33 0.29380404766123547
11 20 0.8333482214885591
39 88 0.3584832770255979
84 29 0.130115981093736
31 76 0.9765697668334022
44 87 0.039662791163284083
79 80 0.9691248593778659
95 30 0.4236793097830899
33 21 0.7719105370914154
64 96 0.6915460850508791
60 84 0.9794499865964026
35 49 0.5616924110719397
67 21 0.7799438997261843
27 25 0.8321687318613981
12 11 0.49305835066921844
93 80 0.011468171328140153
25 32 0.5299985949571522
90 75 0.4519681280332424
60 22 0.8312723498791631
91 9 0.6020291240363081
92 52 0.018704800291932555
9 36 0.9896239447770246
45 92 0.009461879446322374
75 52 0.19106788595457236
6 31 0.6239966434816125
94 26 0.23532266594957774
16 9 0.9783726675910119
43 41 0.49587373501686893
3 12 0.07434047136022948
90 31 0.09200988107568853
97 74 0.9699077712296633
33 15 0.2803035502879041
57 84 0.3641628218896992
78 15 0.226754491969399
33 98 0.4220868765126382
98 62 0.2559287708741439
97 12 0.9164385050814172
36 72 0.3545958644921552
54 10 0.9849372369399271
4 25 0.17154123899963392
54 30 0.1564783892814431
19 59 0.6491979766781357
15 50 0.8623996030196132
93 68 0.8558888224947755
95 44 0.12028395820873439
57 48 0.31627574581395845
94 86 0.4279574996879185
32 28 0.9537284101808978
42 94 0.2564124864917591
65 91 0.16185577548355334
73 93 0.5277615933003291
97 51 0.717424483542554
92 35 0.7213528331129266
33 31 0.39565985779590285
30 25 0.2976414694668805
24 14 0.6163105450191552
72 66 0.12386923577793318
87 51 0.8103054016777783
64 28 0.6725680859645632
62 55 0.364932076247814
23 29 0.4281053822284391
29 57 0.5450699367117092
15 8 0.27177197584913404
43 89 0.30921140732457564
86 59 0.9133369241348983
48 76 0.5497940256962087
5 99 0.8071614567081004
59 21 0.026742479577579914
91 88 0.37214168568566486
66 45 0.8596671831331515
68 15 0.6471693329018631
25 54 0.038871181069440874
14 76 0.9222525439788483
10 73 0.9654958112020939
80 9 0.531845542429735
94 91 0.6624844659328362
41 62 0.8806268635281572
63 11 0.7406323863705178
96 81 0.8226157566414866
36 92 0.44232757506873266
68 4 0.6775076084344057
49 86 0.280610175552338
86 55 0.564508518966537
71 79 0.5826162505786527
28 74 0.4218827954947125
99 68 0.7544831176879112
49 53 0.3386198643796131
10 19 0.4459051689579756
32 79 0.07480049043426251
91 29 0.6657880809142945
72 51 0.8598807810548551
55 37 0.38067767374487194
79 29 0.0401526681643507
68 65 0.8048559527135267
41 67 0.8710002198403389
34 29 0.4563309193098758
49 75 0.5157931222994765
87 39 0.7589880828219813
40 61 0.7087270349757541
79 11 0.5134823826031506
60 56 0.4642524373721385
35 29 0.6490208240067851
77 91 0.6629605118808327
69 54 0.627329869643982
83 71 0.49665176810734357
99 38 0.9265754869655572
68 0 0.24523883315590211
23 37 0.31831110566472753
88 28 0.16443278164834918
72 88 0.914710270157409
32 5 0.8387054709010506
93 3 0.9591552301233117
92 66 0.7253557222086301
59 85 0.8286964345080629
34 46 0.2556206168459778
45 8 0.3990163491287473
70 43 0.35493169623391674
42 10 0.7140867031106632
63 18 0.014272532318297837
67 78 0.21135837547823222
51 69 0.9251024869710555
77 63 0.974248598976898
84 69 0.7077936507634143
48 24 0.985221169081382
1 12 0.5089453564562885
11 46 0.24460034833354494
77 51 0.9261377384667215
99 31 0.11436791863378071
64 35 0.5989060200081195
3 82 0.15625696506725306
79 39 0.7403469075069768
46 40 0.7555533120137216
45 29 0.9271990707469235
77 35 0.6197407261798384
100 31 0.8681529557026162
69 45 0.7341113384644296
31 83 0.8729188756937066
26 71 0.27650269700409413
96 79 0.2014553997811228
14 45 0.3078392150176519
87 82 0.825729405179236
23 62 0.9220561592706311
77 53 0.4985249496113676
81 68 0.5604603430551136
7 95 0.6934699621867115
39 12 0.8704587998902291
28 74 0.4189249607258647
7 93 0.6480256451628225
8 41 0.7027436776740967
25 18 0.7323486001669314
59 19 0.25322616252399377
65 1 0.05282917619789951
79 83 0.9581675367129763
26 79 0.19809486846422808
62 27 0.23329020001717315
50 21 0.333835622844464
94 16 0.8409450659133257
17 2 0.053457226027660676
65 0 0.29180923147722027
25 34 0.4789148117541776
79 1 0.23087473346342813
11 71 0.7807251759559197
40 26 0.7728316077978747
54 28 0.6291923124170273
15 82 0.27561825416707175
76 32 0.4466568977941644
20 8 0.5784342297779298
63 21 0.7265947963041922
75 30 0.6697363101034367
54 69 0.46571502994759717
52 50 0.9106907778667651
18 22 0.08286002680619897
20 100 0.5327661556552765
75 48 0.8514201035443851
73 25 0.9304951742630228
74 79 0.34943562564269337
63 98 0.31840571410985063
50 82 0.29093558246045637
37 78 0.11228803824820366
65 51 0.38401202589025873
51 30 0.3428168218365657
34 44 0.5959506971986992
66 100 0.034534682295555785
21 26 0.039224029991052345
1 66 0.3554884301300628
21 12 0.8748699693593844
67 21 0.22589750052531443
55 81 0.12721269398556978
34 58 0.4392511083353442
79 72 0.12311898955785072
80 55 0.2025557631677537
34 11 0.16775993395863575
54 66 0.2793278103913833
91 62 0.2335107736049219
52 100 0.13886805967406046
43 14 0.8604301114777089
83 13 0.9259612794317815
18 20 0.2817117508603191
67 17 0.31465726084321577
96 86 0.1682274670248497
14 42 0.7805482867076072
69 21 0.22085127497938095
12 19 0.3374927827355143
53 57 0.9362893641148403
61 28 0.08551427269852818
46 84 0.21223895679874305
92 24 0.6102946027436279
27 90 0.9629161055529267
60 93 0.28456093126343374
9 7 0.12897752953783015
21 85 0.5324634140059799
9 14 0.7523811662093831
10 12 0.45656346822878646
51 44 0.796275376964851
73 91 0.11805013502358952
74 82 0.5995089464418487
63 29 0.5248343363856741
22 99 0.5591634543580712
18 51 0.36720772634960896
63 94 0.24121755967800984
54 16 0.05404170566736388
79 54 0.7668719249058101
66 20 0.5862769962104903
33 48 0.8187114084678042
69 6 0.9092799523310324
64 14 0.3066980889665286
58 41 0.5492352425680288
46 15 0.5717346629371952
96 57 0.9855435922632942
65 48 0.6326714511490673
56 9 0.7724431843322254
47 14 0.6702740034447184
69 29 0.9505898888362841
63 46 0.6302847032367429
70 24 0.3921128996345761
47 11 0.5627018293627298
47 88 0.2537818547075509
27 48 0.40065160889899487
90 99 0.865729949005073
12 13 0.49324726053807866
14 28 0.4541980053719762
17 56 0.7739964578455075
64 30 0.23607938547582696
24 47 0.7608862371440168
86 50 0.4342403574264797
58 40 0.24867361618432127
88 33 0.06382755580728328
64 51 0.4166858710737279
86 77 0.422694716971841
35 7 0.22132577421174426
17 95 0.9812316645855346
83 90 0.0975558883797274
68 53 0.0034366401446641603
28 86 0.34615342997509335
40 99 0.743565651687233
90 32 0.748299184196538
70 51 0.7225112581284314
84 23 0.8023685305356804
72 5 0.37502779502026085
80 73 0.8762779353502407
27 38 0.9318784669808632
5 45 0.30905046909199774
39 61 0.08878965489397461
54 7 0.46336783551648253
45 88 0.9533536398737065
71 11 0.9886215342655854
77 81 0.32032538853049153
52 4 0.9892002118978132
80 85 0.8946628936789903
25 76 0.9332791286096477
63 39 0.850979008897443
71 23 0.2860394759124495
76 47 0.1991835334620441
26 77 0.02133210332089075
82 39 0.010115082193745573
57 14 0.8656244020764851
41 5 0.7724786631073606
69 92 0.5240275014975584
98 91 0.9480001944617634
9 5 0.8404326597607665
69 75 0.07438970378159182
