66 0 0.9098241658663676
18 100 0.676636335730997
32 78 0.12874975749137385
84 61 0.5933322877782045
98 6 0.8330569281100189
73 57 0.0059032749748604285
29 80 0.8783137702420598
46 48 0.4063123243830048
100 69 0.5504430167492257
16 20 0.919900372740476
44 21 0.8650640109099507
67 70 0.3889430633028961
6 42 0.7271099571120556
68 58 0.6111972107928744
8 96 0.42143119309621213
4 69 0.8182662273949494
83 84 0.015365230344364322
51 36 0.9546847835908476
100 19 0.35648227262315
1 81 0.7456512457484
54 83 0.6901346496575282
68 40 0.5583696997851002
95 48 0.1331296660802983
74 3 0.45887924597972274
92 38 0.3295221014489005
70 76 0.23472486522031932
62 64 0.18703040856689634
80 55 0.502330080968415
98 55 0.7923543028362349
39 9 0.7549726985516112
78 59 0.7272137490672449
11 19 0.05779346244670214
28 93 0.9827205108114202
91 58 0.490259438992244
13 29 0.6439640859020631
80 87 0.3120421384646366
38 16 0.16565364821978035
13 6 0.8030136288029408
78 0 0.5764362204149124
67 73 0.45637386684424364
24 15 0.2429982060696444
17 28 0.15961075754511644
16 24 0.19790062316063628
29 69 0.7444832315338054
4 48 0.5175822275737674
41 24 0.40968741304866874
80 32 0.12076503898372593
63 29 0.45043361075976196
63 68 0.4612023170084194
82 56 0.09694420857410191
47 51 0.33194276110672094
82 8 0.022778166194282634
36 31 0.9409080681993189
93 96 0.9923578856772084
68 87 0.6636941257480931
17 97 0.4560043454303838
38 99 0.02851895417750472
6 61 0.21077360389278643
6 38 0.6493866063080475
25 17 0.9389114407700299
71 52 0.2917701339443082
80 16 0.11826295344905657
24 94 0.1763926246875237
92 12 0.9266053489520717
35 63 0.4065810486887699
83 59 0.25611490928837
1 46 0.4780568543679765
3 16 0.6602530786838865
6 85 0.3528826307519761
50 94 0.24261004915429785
78 63 0.2072126253904344
74 16 0.5297036293926174
35 91 0.5620829022212099
1 33 0.5708304076948588
48 16 0.11346813059519445
5 75 0.2944898519079847
73 33 0.4529952928225255
13 87 0.9181553121026829
72 50 0.5044784899055519
45 34 0.44396213748846736
30 70 0.4714635562273557
20 0 0.4281012444573915
98 0 0.31299513902908516
16 4 0.6235510799479245
49 67 0.014012805819026863
27 85 0.8779806982445036
51 18 0.4508338390458304
90 69 0.9162548406549117
42 72 0.16063794408816667
81 19 0.3707315979322219
60 31 0.5929029372690409
51 22 0.12978428481202686
16 50 0.832468933339026
14 17 0.36465828715991766
17 96 0.6556312310144471
39 79 0.2369068545751286
33 48 0.7465930979084862
92 100 0.7173115704830619
44 3 0.09840919554944205
89 53 0.7749872672639505
46 86 0.98596484062367
33 30 0.262887971267767
37 47 0.3466410462754761
89 53 0.34274072118383536
58 64 0.9581181242443386
96 35 0.01796248959569058
46 92 0.6172687592316716
27 32 0.07240907989893852
36 8 0.9532819060124232
34 23 0.45489582566560083
26 59 0.7821805054800294
10 32 0.7344552443697012
59 92 0.9697788076223331
7 86 0.23146271522273743
72 59 0.0429890541857717
2 61 0.624045435217907
29 78 0.6480095840553521
74 48 0.4939343665811208
3 27 0.21636283237494003
84 60 0.34832818520574493
17 49 0.29328627841792887
98 82 0.3725848177824591
26 1 0.17078140110615558
61 30 0.8582976363007432
77 12 0.23235150503044721
75 90 0.6298743073487029
11 56 0.9571344798442291
37 65 0.7880132587940007
75 91 0.17643563706510712
80 36 0.7157763270038183
67 68 0.027491739255361636
18 90 0.2709282264804277
11 8 0.3295209891117856
79 48 0.8764062599418594
25 88 0.43551692351406757
19 65 0.38973849828702134
19 29 0.394856561549341
66 91 0.4455149642978591
28 93 0.8117981081746093
81 17 0.765701754140422
65 32 0.9768686040716124
2 74 0.9256231666480318
62 49 0.5965280232895865
16 66 0.12660755499582388
86 82 0.04850677841302309
61 59 0.23712369980174197
75 53 0.8949695051321523
17 76 0.5616515841132409
22 89 0.9553298085509403
47 29 0.6165660953850806
46 86 0.25194783650841424
31 94 0.8104298408631603
89 13 0.7336643079137338
56 23 0.1587887095752364
58 5 0.4294775703884993
48 62 0.5324119744786231
84 96 0.8293104972409427
19 93 0.8482111014910422
16 30 0.4358976526232168
90 17 0.8884943574432961
11 23 0.28507125335949224
25 82 0.022970960940575047
61 70 0.6527885793756145
57 84 0.29822361171263734
69 72 0.8532294749289048
9 93 0.33525297851145275
25 62 0.551804296916608
37 19 0.07631493017549373
12 18 0.7886066922414349
81 1 0.34356693722452203
65 86 0.18749511681937125
3 67 0.45955255016656127
36 70 0.27615812061390066
51 93 0.6668213745206152
43 71 0.7048262803441078
100 50 0.39077323006376197
10 83 0.8990634135121504
95 55 0.44468718972472987
51 3 0.5306356707701266
65 36 0.2775663690997675
31 2 0.059444665548251785
56 70 0.38140155027931066
44 65 0.5074766301381841
1 22 0.8603430744097852
60 33 0.43420802886384935
55 87 0.7743435394698784
96 42 0.5096853298582823
15 68 0.20835900029511478
91 10 0.32197464711730883
99 3 0.9914983362387365
45 54 0.5014960272183007
97 35 0.25136933787380933
53 42 0.5637416397898676
80 87 0.925923332270398
39 81 0.5068098457115042
56 22 0.7130893272118959
23 58 0.968073153730149
10 35 0.4288486287658575
63 73 0.10474645506872227
77 8 0.6697257374375837
19 49 0.6762195117659012
45 40 0.7196396494579776
84 60 0.5484080934220938
31 43 0.14068866097843613
39 6 0.5865664773829526
39 84 0.0674157498375304
19 24 0.6203249178862824
53 2 0.5040828122625917
29 69 0.18942788198440297
70 64 0.5240190120745053
56 10 0.4716261049823801
47 76 0.720312915313315
70 0 0.7744761435882375
16 61 0.2132688211449122
73 63 0.6450143955841562
89 4 0.33789643883250764
47 57 0.6776728168312202
91 82 0.2547975883471153
73 65 0.1722516997521818
95 4 0.4598174487283344
27 11 0.9642861614403297
29 87 0.6444079551452414
51 31 0.9157872991936546
20 84 0.8968842248030391
57 65 0.4737971679232512
51 13 0.08597124797155842
16 27 0.659925232592059
28 71 0.9983487175640786
18 33 0.4420869882735532
86 99 0.368404386132717
90 19 0.03225073422345148
84 67 0.25661302890747983
81 34 0.44729482765230055
60 31 0.30439461775025234
0 83 0.9224298201862031
41 29 0.9117215679281272
35 33 0.320338605631728
51 88 0.5622677444273673
28 69 0.8747794877501445
17 67 0.330067927166939
4 48 0.5085271690245757
0 50 0.9065199442973944
55 62 0.47429680826741205
13 55 0.1447484785234272
28 4 0.8525333607784775
84 31 0.4728849657114086
24 20 0.956602451732039
33 35 0.5152327376525406
15 51 0.6175456740705001
35 26 0.9624309929634541
1 71 0.7113944146483506
79 59 0.919379875587529
47 1 0.12861580259265937
45 26 0.03969733678857812
94 86 0.3469589019328825
20 10 0.9151146855163222
84 50 0.25836181601147457
4 73 0.3272417264586043
48 81 0.7933009952300651
49 44 0.8682588820005709
45 11 0.9328891908763131
98 7 0.46764411577961107
90 1 0.5869646191093946
96 23 0.31865531541341174
85 53 0.642489169525497
67 5 0.313029312238703
23 100 0.8545896156295937
14 39 0.6891619454922636
89 83 0.4832776483289324
73 95 0.028926970308705613
30 99 0.9058529935788122
61 90 0.19203493347766554
29 94 0.8041700308266101
25 52 0.1318266190356836
87 8 0.3402893893742637
92 78 0.11357261613254643
99 15 0.5276489956837613
31 73 0.33348531085180944
51 22 0.27734293394407716
49 51 0.12214030371393547
4 39 0.2571855776262686
99 68 0.7209297905166043
25 54 0.255845117137494
90 8 0.5510083337384691
0 1 0.15576651739496206
99 6 0.9575836576892437
11 6 0.763439373504406
55 2 0.778506216093511
41 98 0.7450284212620729
58 4 0.9705714423814669
96 0 0.4030756492896367
45 93 0.6414176528606949
73 65 0.7009919344805887
72 47 0.3902261033639386
30 58 0.5020528776144029
73 56 0.9948262684227092
64 52 0.3715600077692496
18 39 0.6097655958084848
39 92 0.2738717954699197
41 29 0.29808329530637145
6 90 0.4988920631180741
32 46 0.44648495843548375
3 40 0.059649090470827004
67 5 0.3708835840577269
91 25 0.5585697090638523
24 98 0.5499569386353808
26 14 0.16525613672360384
33 42 0.35420536979916084
92 99 0.48760878237607785
62 47 0.7180605262420152
4 56 0.9198348827462414
86 89 0.3128622707816209
91 67 0.5393939714048726
3 49 0.16098602739566426
9 68 0.14694906171135602
23 68 0.8807901075718354
24 66 0.6432610351512615
1 51 0.938582678556822
76 58 0.19282999346144136
79 63 0.5150694909041671
37 44 0.6624542281999353
34 51 0.4457136277647974
46 73 0.0401219038758428
10 84 0.6549731634415705
65 54 0.8279481611917805
60 24 0.19280551602825158
37 8 0.5043288075653075
89 43 0.06016232044659142
90 91 0.9341734996904876
16 93 0.6872974252578243
71 14 0.4147620571706764
41 25 0.932060289915192
40 20 0.1333196048991624
100 6 0.3866808447945026
80 96 0.3460995016394003
63 52 0.24735773168211594
38 8 0.17105089162145737
81 79 0.7277888447611865
78 61 0.40179261425053503
67 71 0.473590425588977
55 19 0.8588510405215279
9 74 0.0666909738026017
53 63 0.8822366279515894
19 12 0.9612041998990851
62 86 0.6854352023012834
41 82 0.5799000850560102
71 57 0.9544640720984352
37 90 0.5605342592578513
15 40 0.7737159970902914
23 75 0.4604434563187736
40 41 0.9170651824633204
67 92 0.34238898677068796
59 62 0.7667888116993844
53 3 0.07965517670555067
48 23 0.1044395813997856
65 43 0.9384571811673805
94 38 0.0584183767392904
65 9 0.1580584002583384
46 54 0.006736046660426265
70 59 0.4992581921034792
5 60 0.5877479440355989
33 30 0.08445125017719679
89 37 0.16695906440771335
13 39 0.6015426155214019
2 83 0.32294104525076617
8 82 0.7495687641735206
75 61 0.9331722173113313
97 3 0.008648059257027496
35 84 0.043401952471203264
38 1 0.5335030643047053
69 58 0.5556054357544908
51 81 0.7729522925964768
1 51 0.021403319595967862
42 35 0.794534687817453
33 7 0.598549807969437
83 16 0.2195129299004267
52 73 0.7543206184030553
32 8 0.42927904417715856
32 91 0.42125568578829986
86 98 0.19489379223012537
81 0 0.8458553175418178
32 96 0.9218446300072676
6 28 0.11591283275806197
41 59 0.535655630214041
52 17 0.3404531475070447
64 100 0.26047947485978173
35 90 0.7168991020789365
88 59 0.6286194777142957
78 13 0.9300494853688833
54 70 0.48009293830205224
87 39 0.34175944388777413
64 80 0.8542840652663556
66 74 0.7350948859260769
90 14 0.0525527430775834
84 2 0.07834015942459982
9 80 0.5393410844518572
25 17 0.10923801046347992
5 14 0.5257043426513548
43 90 0.6498891953795929
52 84 0.5868414123200124
64 87 0.16623089000939284
63 83 0.09362402465177755
29 14 0.3427114909869703
15 73 0.17403926412864634
87 67 0.4349334282886387
46 11 0.7822169790427984
83 29 0.23331302551166644
73 80 0.6841429237063523
22 55 0.7384585659209965
89 77 0.28233663255310293
31 11 0.3889249694540686
88 50 0.10522150901472915
83 25 0.5158369452205738
53 33 0.5862319037896192
42 90 0.072960765923755
26 98 0.8849257837248591
94 17 0.2904311244622412
33 1 0.1619821364009968
1 22 0.6912390483121785
81 14 0.6563024335107079
30 87 0.6060469802287932
100 30 0.3495687427989701
92 63 0.4880103136997417
96 77 0.30581673974298473
63 71 0.6741110715479104
37 95 0.8124373605307842
1 49 0.526234710866635
1 81 0.17248885024112126
45 20 0.5419734504909168
99 71 0.42513294736181917
2 24 0.9455455164087081
58 10 0.6912892293564522
47 59 0.8263470796404581
56 7 0.6629374808910498
15 8 0.02953784369801571
45 66 0.2321101713611896
83 80 0.21428797709461733
39 58 0.381450896305371
71 45 0.8673476509815763
91 64 0.9466059619496012
29 82 0.019968147541612358
65 51 0.929614661530907
69 44 0.3380985117161387
52 70 0.6459403848729609
61 29 0.7955346766676191
73 54 0.4358314225751613
74 15 0.9858761723650589
10 39 0.05726698568783817
25 19 0.5998675160562928
6 74 0.34799890438009196
53 79 0.343711283329202
49 81 0.6771206384602992
21 84 0.5537147036000617
43 81 0.9479999864457731
2 50 0.44247625013378467
3 1 0.8357246818155921
94 91 0.07807895242239993
41 62 0.5990526358365369
71 42 0.38882660435358884
92 62 0.3637709291740232
37 38 0.4798736024341913
74 50 0.7959950617345248
34 41 0.7085635316601562
54 21 0.9489316670188622
64 16 0.43760066162611333
66 52 0.17300810988296522
19 71 0.37979006819048455
70 24 0.5744084861434806
24 56 0.7381756522487345
66 94 0.47035646942726006
2 69 0.7367177517225714
19 35 0.8814754612939297
61 13 0.1046692756780725
20 36 0.3426507635667355
82 25 0.9855836612750195
37 84 0.514237316203901
54 88 0.9196930541465119
12 17 0.29657816467320286
56 48 0.22974091897716253
86 57 0.3191350102116096
95 70 0.43227179758215795
91 55 0.010496889500261286
56 69 0.9205502220688584
64 31 0.37986370916956513
59 41 0.3614600449923696
96 78 0.1129646281345359
45 80 0.7064031538179768
77 85 0.45520101603730256
80 70 0.36191936920674384
98 100 0.07673630743805437
98 83 0.5420507529520944
91 78 0.6039042478005355
41 46 0.0259082843989642
19 61 0.3771142908668914
83 9 0.48754494393955794
0 45 0.22662834579597935
17 97 0.4347153009237976
74 38 0.26806707958383225
10 64 0.9448792526974557
56 9 0.4086955676817242
45 20 0.10114433567872239
28 100 0.45335079765602815
4 67 0.22787214621659757
15 65 0.15919787230720983
24 36 0.4339467282636843
24 86 0.014562475360178406
0 35 0.38852195242937915
61 26 0.26505809697385196
3 79 0.3818803433001008
14 55 0.9514912459739577
19 96 0.3652623716949641
54 21 0.46550301854503273
94 83 0.8247365828576382
74 87 0.08564525677142787
6 48 0.9778903562618386
2 63 0.7299455795834724
64 27 0.15616761917799893
87 18 0.6857515968958869
63 82 0.36038372801401264
79 74 0.1080167341231365
15 65 0.1521579251753854
22 47 0.9089951128840981
7 79 0.1875748997415354
49 3 0.4924929089592952
37 24 0.2303418544597342
3 72 0.17709996870623268
74 100 0.17805269045432504
55 47 0.08183678227023072
53 4 0.5672642136376819
52 47 0.7020036702609062
24 30 0.7789936961993952
46 50 0.8141186372437231
64 97 0.7952673356124383
6 56 0.7464884911465457
54 31 0.5543834166620812
29 42 0.40810101277689315
84 73 0.10059791953122721
1 39 0.37942222482581656
63 8 0.2890004059130059
9 73 0.12173868955045664
6 43 0.30056404228529465
17 4 0.12189648392063901
81 58 0.6338864566467151
73 32 0.7899972727999147
96 39 0.7501397601123724
79 8 0.8212312587723996
30 78 0.7321158452096318
58 88 0.38015118926705116
75 45 0.5760566974295451
96 50 0.4765092014622423
25 8 0.24090649609721293
33 28 0.16402585038061435
38 18 0.9613879819522096
28 8 0.33900202894398146
58 23 0.7380500791441611
10 76 0.6543589578283691
30 60 0.42584099189041624
56 74 0.9032990441029958
85 95 0.9005572314893793
30 43 0.003943584487521967
96 14 0.20680971008500593
48 9 0.47546145058734
69 47 0.5564684696617481
6 27 0.010388346475296406
5 26 0.05975186618934525
77 85 0.0624130987469983
7 5 0.3758450102535523
38 56 0.6326148662850791
44 1 0.6034524735779074
62 69 0.9351554693037968
86 70 0.2050558102557568
30 65 0.7143480204280483
54 86 0.3952804761105868
71 94 0.5089823099404746
70 54 0.9049215898871074
3 19 0.4975412927862577
96 47 0.8398332263442153
12 26 0.7174405348377504
46 67 0.7385690235474102
40 60 0.7427007453906637
76 26 0.8004701087541626
96 74 0.6418735273573731
77 15 0.9310236677337033
53 12 0.4940810301631626
51 35 0.47687795637625274
59 58 0.020427781406018197
5 29 0.3159967188486168
99 27 0.6481645901629736
70 85 0.8507518322193338
46 51 0.7702872356221955
24 21 0.7989868022819407
32 14 0.7905213005346425
18 14 0.6106542512395569
35 1 0.3216816391768641
89 44 0.6163576788004199
26 29 0.3592126213221034
48 33 0.48278140072031583
39 84 0.9596031886296067
73 54 0.07552514394602328
65 39 0.20772863174721057
