23 25 0.8131874480891941
57 27 0.7247365393930391
64 27 0.5084449492803994
100 34 0.0023745778423854835
3 93 0.0688382260702306
83 96 0.7079700079593572
88 38 0.7071259284328149
96 91 0.3481914044874589
67 65 0.24113646739083072
55 92 0.4110207919055757
32 44 0.6720180147183062
97 32 0.3267598590474612
24 16 0.6234318022081109
17 16 0.9802283869952473
34 14 0.10334520510072731
91 6 0.9910548254623598
66 97 0.12977426198518038
7 10 0.16421861915667024
13 25 0.23234041331765076
72 85 0.3884908277303304
68 27 0.07142525046364567
70 4 0.39104989251048883
18 19 0.8023740506685862
56 88 0.9947513398978721
34 39 0.7903308631963524
47 69 0.34711710939718576
87 26 0.947208650437919
60 34 0.3783235037156534
58 2 0.8678334315460652
81 53 0.16355218952055828
38 77 0.6601517364089009
62 82 0.30521640558978635
66 44 0.47174787880587965
10 68 0.1327528631355268
74 23 0.28516928439651146
32 4 0.7524923775044783
59 26 0.705086931844357
18 20 0.9256160430370635
78 83 0.04254028715725566
11 14 0.08166726172276484
94 73 0.06443756592200245
80 90 0.20744916599624363
5 80 0.8176913663707754
88 51 0.44319377551300465
90 57 0.6397689583189615
75 65 0.681331722321513
15 24 0.3569687837943015
39 34 0.964033899188431
93 48 0.012724172926502297
32 42 0.6703424597426025
65 93 0.8361489163453067
48 42 0.643021969891975
37 100 0.8210311624469016
75 3 0.19075992873455783
34 79 0.5245094895265605
88 99 0.06111052354454183
67 52 0.1898287682401416
38 48 0.861973982132935
64 100 0.9926126426846716
100 62 0.7936118275590642
70 64 0.30768127334451667
23 84 0.5273498032481273
22 99 0.7427834763807447
47 30 0.7673309731652965
8 7 0.28486219146073277
84 11 0.3896150454541032
3 68 0.4177931996136576
59 76 0.09441420003039158
41 22 0.7164521664820445
53 0 0.3127106654694636
16 95 0.7623355638206158
32 66 0.2087681262452089
96 27 0.8081918454419447
75 95 0.23989779187016114
36 11 0.6512011606271656
63 96 0.4285347456946559
8 25 0.7711520229095099
55 8 0.048801201475358824
2 77 0.5822999748105955
19 25 0.5511863318169969
15 48 0.5722932826796705
47 97 0.804296492665103
54 43 0.4794673665775836
91 17 0.9212537361554917
8 81 0.784104475858857
77 70 0.7029600044634103
91 55 0.1165988005004378
12 3 0.04925043945242702
67 1 0.19052130608117224
90 86 0.9946900000937979
54 83 0.9967094519384208
50 91 0.7189613550928244
46 6 0.04086457150531375
68 98 0.36698622512625934
42 19 0.05421238378685922
81 20 0.011392227673036492
56 84 0.9722677545791474
73 85 0.5120339161586144
28 9 0.13186380453052493
69 22 0.2455441073672321
94 40 0.6069581525123762
16 89 0.9663677237242061
0 47 0.7393034019217841
74 63 0.729783693435268
98 9 0.8157227029631815
13 49 0.26635004734926815
88 44 0.20879739064457092
6 100 0.6074839894014724
100 73 0.8541927500695853
83 23 0.10942411439369726
66 47 0.19809762234173678
39 73 0.05452189104915173
88 74 0.8545209630895856
64 6 0.4040518468812314
77 87 0.5464969311769399
19 16 0.03208116851828502
42 44 0.02924402610227428
55 69 0.25577639942450037
77 8 0.5880930800839413
26 41 0.4600254433511439
7 94 0.29691054685371643
46 0 0.5970436055675838
86 30 0.3334154760677307
17 18 0.6541502922397904
9 63 0.7077221996531028
28 94 0.4817387116544436
55 98 0.024855416804631436
29 93 0.721092025402307
13 94 0.4133243832561637
95 35 0.8158279818046741
61 30 0.4260068270699121
76 63 0.5826926653141518
88 28 0.5004733607550442
90 30 0.5434480275755559
0 36 0.5091494244867653
23 99 0.2677475853811654
4 69 0.30052117842120785
13 39 0.9227155949847456
23 11 0.6452358362700724
15 61 0.09415467787320164
94 2 0.2805716100376905
1 2 0.02144692416228544
12 74 0.40467256439402277
93 52 0.7789588311039395
25 51 0.33494274042273153
60 0 0.8013276686467159
48 67 0.19991592951350545
29 86 0.5494359965292688
61 18 0.2826314308632638
98 61 0.5515488467536892
57 87 0.48865754404530515
47 49 0.5449101194799697
82 37 0.66343021944908
65 80 0.31440413863465233
87 29 0.1141085903354695
28 7 0.6700453953355703
50 74 0.40646769353412415
97 55 0.45847810274339773
14 38 0.1512685822417975
80 25 0.9657642108026834
99 94 0.9133692211019556
9 8 0.2390052759258109
38 84 0.0590933710965752
48 62 0.08099340856282033
71 40 0.848546214853624
4 71 0.7719388598936333
3 61 0.7224938410450067
61 71 0.7759697163732459
62 92 0.10382169807519015
27 28 0.24851116199622258
66 90 0.7220565749974696
57 0 0.7543213221682679
96 89 0.05742021361660743
87 36 0.5501055964951285
78 85 0.7099648711170807
32 88 0.6522926042313909
24 67 0.5773088549184583
16 59 0.6199068700848194
31 81 0.9746565410510936
70 71 0.05183501998241846
14 36 0.9054193655125221
37 53 0.46032030797112844
89 51 0.7545759355501002
49 41 0.2723891753516796
45 11 0.20156587476911503
83 29 0.08905565288039174
30 69 0.20293710776093088
59 99 0.37604946150770335
21 57 0.9249704394654779
29 86 0.07937446236313561
74 72 0.45824302176029286
22 81 0.0651661851973987
91 60 0.6096635525094112
80 43 0.01677709491436985
33 85 0.7336314697606892
24 96 0.9856241032510676
37 4 0.6741230536747923
98 75 0.9132065325928621
6 40 0.6368625830566079
5 33 0.05527741666221009
25 71 0.41555334704080993
49 23 0.14140539157307497
12 11 0.7153586159060299
29 98 0.9039794746167453
65 75 0.4383973320721638
75 7 0.9991989745002178
1 14 0.7004933485649457
87 13 0.2876805002911327
75 19 0.981997148177549
69 91 0.5372824662593996
39 23 0.5394738700564234
81 42 0.2561849393069012
2 0 0.2614793603435672
4 85 0.32153861501816294
15 49 0.20712107539718483
25 61 0.34774954888378584
7 39 0.08863323284106661
6 64 0.9668941511227671
77 93 0.16854672206951282
80 15 0.8612959682824174
82 77 0.42932891332875156
26 98 0.33200347439254907
21 54 0.3181033854002874
12 58 0.0688451824698465
41 4 0.6277951725194794
61 79 0.43609846836929456
84 89 0.9479264872596357
41 96 0.2769244241539729
55 13 0.4225032544383106
91 10 0.9110797873857179
68 76 0.6535070557020629
13 9 0.40146681019008557
86 79 0.40054245505845565
84 81 0.9917771646256303
37 76 0.7302925871653879
64 21 0.9666600021469417
18 83 0.9030067105634111
24 44 0.44222384398742376
90 72 0.9699599416541335
93 57 0.3320596018948252
19 41 0.28878650720631294
7 76 0.5126048555737089
75 30 0.22334835003640086
51 71 0.6132770254277818
90 28 0.5225158287212875
49 45 0.879411472374695
80 33 0.2789874485081003
48 15 0.6010960430632867
72 76 0.665843987179706
51 32 0.12949871889378395
89 83 0.45483650146889054
21 42 0.3660525051872974
62 18 0.28624859153214377
44 36 0.004917977857384792
66 95 0.9940377353400843
14 32 0.08517865330819907
31 46 0.6651674482812113
70 48 0.9851494100522258
100 3 0.4804470944249313
78 9 0.5571522606390483
51 6 0.1747111898781356
46 79 0.0028747305032680304
32 30 0.4597659456408628
89 26 0.22169392958667156
13 0 0.035216681468850264
55 20 0.5494891751958565
66 20 0.6852171968346662
42 4 0.5422668552662877
68 4 0.33039368146019077
63 47 0.9019106651710818
39 97 0.5296522483004623
96 46 0.5912414637121659
22 63 0.22320234264157957
23 97 0.4701033691479828
48 16 0.8250692133392313
33 26 0.7226776865440949
27 22 0.6911124354698309
39 4 0.41271812625671567
56 20 0.35383394717250705
70 74 0.20444268555092482
99 74 0.26379993940472124
2 85 0.8152088124414365
67 36 0.36584196324372653
55 51 0.323396937671785
77 60 0.6972519729117348
9 96 0.32735572623471554
81 9 0.28870279933443077
47 72 0.6297258800611295
87 86 0.45966573096861796
88 81 0.8761985787487974
94 88 0.29292716114966244
96 75 0.20543965858509217
82 42 0.339551584032723
41 24 0.5850535034841001
87 52 0.2833844017776914
29 75 0.8991334691222559
68 5 0.6634489014092663
0 37 0.26255890034371177
68 57 0.5388474237329859
81 98 0.7274351305397467
14 47 0.03502039459864559
78 51 0.861538935406836
64 12 0.9470670098317195
90 19 0.8656472077430768
14 48 0.9574251504759148
26 100 0.5296215434882651
15 51 0.23687767429204032
4 46 0.8445275222170789
47 61 0.5438741233591531
65 43 0.7142934197033179
56 76 0.6775828695762401
56 27 0.40574493937929945
24 0 0.8760948473046453
39 90 0.42522581363824363
64 40 0.5018299694608652
20 60 0.11978117214318096
4 66 0.22879901545008763
57 95 0.07837784194948638
6 72 0.47436471919435674
21 94 0.8029194353109991
23 57 0.7870690667340333
66 39 0.5037018136375142
41 13 0.27039327436711025
30 1 0.9911629739202623
75 13 0.5677769467780035
81 87 0.6623090528973387
1 8 0.8634308942004525
90 54 0.5036545280032756
63 7 0.5354259159640111
47 44 0.0809873740730851
60 19 0.430427777290076
99 83 0.47175019232295456
1 84 0.6440940352303071
8 10 0.9836768541500038
64 63 0.7175552354398216
89 39 0.5901134978452001
91 62 0.19988860752724136
80 10 0.06511151783056046
43 97 0.9596138671913126
10 28 0.5624048047873821
32 29 0.8243744636726451
6 92 0.3834844148609441
12 98 0.6008211558689532
62 69 0.26768929560773347
62 21 0.1459759652645678
18 23 0.12283034589068853
89 28 0.6934277780409208
3 12 0.13024498388299666
41 1 0.7598747763732351
31 82 0.9566318085509187
90 83 0.6106584837856011
34 67 0.8204073255496143
56 2 0.40221029041074774
96 20 0.6638166339898346
94 7 0.558423268030076
19 14 0.6436115360876584
22 46 0.8472949101315939
71 64 0.03745009511517616
47 7 0.21127238608425847
70 92 0.16032898951357621
6 73 0.45641026267499696
39 73 0.6858447833771165
74 43 0.4716349454252883
71 35 0.5826936954956864
29 16 0.7529428817540218
73 71 0.9190958061930853
49 0 0.5968821835513681
50 85 0.8734866976832817
27 31 0.6231843148611169
52 56 0.7901481675974019
31 65 0.5268074456802657
31 98 0.23957377622564768
31 85 0.7384196897081768
9 77 0.8915673384292698
6 83 0.823018876707601
25 5 0.31771698704111473
91 64 0.258081212170315
16 50 0.848303640040238
52 11 0.6566951240839922
60 28 0.3238102471936818
16 11 0.2234727581342154
24 45 0.3509475330064824
53 52 0.9255340982146455
98 12 0.11924263801851653
9 7 0.37251286746345247
72 43 0.5912511616272683
4 62 0.44427978321198314
32 5 0.7160033771701855
95 88 0.6128186458422801
92 11 0.6466363108544879
24 0 0.0444107204574159
5 33 0.3922913502657537
48 37 0.1643282421563963
40 76 0.9722439449561155
16 82 0.23547903919033208
64 68 0.9926963676999634
11 34 0.9631065911585206
70 49 0.517075123161617
59 8 0.588566290905493
67 49 0.3774632205827124
