61 89 0.5051957605458709
75 36 0.06799153367595445
38 69 0.7320744165397165
30 23 0.7476899938045563
22 65 0.25721219569816123
69 42 0.06275904238338925
60 13 0.7870326009784316
18 96 0.6117148210109199
89 96 0.9720477508820572
35 67 0.14616613416540847
43 10 0.6732073366612534
40 65 0.4090004211485423
59 82 0.9764719441444413
7 98 0.36110473818136146
2 82 0.49696802771505133
12 0 0.8053202400127943
87 69 0.532940179894513
30 71 0.574540058309624
81 48 0.6950034322864707
30 40 0.6980783285838813
35 19 0.7167490726903237
84 22 0.6524013438487367
73 99 0.9411825237817791
68 76 0.4026250881145059
72 98 0.19505028683377645
4 71 0.6928369310035247
7 28 0.8897535320624868
2 87 0.4307567748212584
49 77 0.22570874827558107
30 96 0.07860030363277648
97 4 0.645313096334021
65 13 0.3755917088372003
4 25 0.6533594661967046
82 62 0.07716931328178256
72 52 0.7790259026244543
81 96 0.9570249047073023
76 89 0.6673694551545056
5 47 0.3458585807818042
64 13 0.004613672706842764
61 32 0.302716432471122
2 29 0.29891845829327945
34 95 0.9556313563213239
44 96 0.12870256713835082
18 52 0.8329216804730446
4 98 0.615128241424686
93 44 0.9783477581909212
3 12 0.9730704967816247
56 6 0.13522524337589514
34 2 0.04007964840788181
27 75 0.6551831210968065
51 93 0.36624823187616284
82 34 0.7368155751073298
80 35 0.7215608812314291
73 77 0.2664056474761717
8 15 0.560524457425503
18 11 0.915059219658642
84 43 0.9429749952041138
55 41 0.9173601776361368
41 23 0.27661421497904515
29 51 0.7740071754943254
85 15 0.8397829970216304
58 77 0.8442973622662526
91 66 0.6506024021762306
16 9 0.7745926009637776
61 86 0.831708238228523
63 76 0.6279324813282147
7 63 0.38287848417727854
53 11 0.11002729768906827
56 82 0.5912379725392924
33 95 0.8945665862216282
11 63 0.12405136782003279
61 63 0.18153203311872945
92 85 0.3028237068033085
32 77 0.4568045804644131
22 43 0.7028353812352549
60 78 0.2423640256967442
43 6 0.3017692822657172
79 97 0.3134565070998946
68 44 0.05190741520335562
77 99 0.5421271863887464
42 12 0.184966385853924
98 20 0.4107815316797556
45 63 0.9742328122354164
41 91 0.49771021730583
18 60 0.2065445788089727
71 59 0.414372488979201
8 74 0.24756958476150592
69 36 0.8927338769537717
72 65 0.4740000411894574
41 63 0.7693677559278344
60 87 0.9007649796234941
10 97 0.5067868372464449
91 49 0.3583097202694314
2 66 0.13079269436276375
91 57 0.6197775144554495
87 58 0.7238019750900961
48 73 0.9910024608117742
78 15 0.05811219443845239
42 39 0.6920590727143788
24 74 0.6478005107259132
89 42 0.5278306191314248
16 81 0.47402939053092896
74 77 0.927586474227892
9 7 0.13913891654875143
19 1 0.974609499417243
74 28 0.37166526815078615
6 16 0.9472247927809986
77 43 0.17558873684137144
54 91 0.05206752272196857
60 80 0.009745950091243016
1 89 0.3261182437731992
17 19 0.5466968726213137
6 73 0.5650680034268786
76 14 0.9166706990743063
6 45 0.2610687903496184
7 62 0.8728021253826765
27 54 0.4762678653927449
29 21 0.8705489577933817
33 17 0.022488010238989387
45 31 0.5343485433452918
77 49 0.7719292345250225
43 97 0.3701310591553647
24 94 0.7518680008435904
51 86 0.08956950304688005
11 48 0.711307679282635
57 21 0.7759753209569462
85 16 0.8062436954809628
23 62 0.6458880478582304
7 1 0.631367556058124
75 97 0.11873912300885536
64 91 0.27823225064252355
42 63 0.44155398852394523
74 13 0.29058826757900014
47 25 0.13093607517237216
26 57 0.24920333484327306
75 9 0.510413403601104
22 73 0.3860172913214095
65 91 0.2806943068115265
15 20 0.3796212020312797
61 80 0.6167912226912613
70 79 0.5825525997153467
63 12 0.701909934889847
50 83 0.6198063757262212
72 45 0.2215026605587216
67 54 0.31403880543797347
16 39 0.9779063358161024
18 70 0.6051581129405246
27 7 0.5307126356423176
90 70 0.07215573412049092
28 44 0.7056825676658182
45 20 0.7711407053660047
72 61 0.8109152059737901
48 77 0.5900958701262926
56 51 0.048169771781703674
61 30 0.5050471596487284
62 53 0.41878574246651123
84 9 0.7793683167507923
45 90 0.5464407744223303
8 92 0.6487774408100545
40 4 0.9056219763279001
46 97 0.8285445254116134
45 56 0.45556908957365105
97 42 0.15271973299238883
83 92 0.9447041726955462
61 35 0.050423666471218764
50 74 0.905823164424074
84 94 0.21014723960976578
23 40 0.033223094614859505
90 46 0.08982438476775079
52 29 0.5845825391826885
16 6 0.5566853175447408
84 28 0.45901988438794106
94 50 0.13987826123856784
39 86 0.8135039052425728
14 89 0.6660314422779691
82 41 0.4241904503875086
51 15 0.7876578897605475
80 1 0.4895298177473886
76 4 0.8348281015936153
66 27 0.2011943299567015
18 68 0.08838092851801904
9 65 0.7298687767486005
68 77 0.4767415720143453
2 40 0.7327926755929717
27 30 0.7303389013255077
47 93 0.5638181780348475
72 96 0.20336790004805605
12 11 0.5343801695536663
5 100 0.025779106733962998
32 77 0.8028940278936374
66 65 0.7411068270574125
38 34 0.5062063133302178
91 51 0.2738825981389821
85 60 0.2784778402247623
31 65 0.044305334022675
47 18 0.49869228053484216
69 20 0.993993306240102
27 98 0.8109847682639585
44 94 0.02153332247110984
49 71 0.5564998071440409
77 13 0.5090815153904146
21 39 0.4134777433003515
68 75 0.9793983282479473
44 5 0.29700523178618365
52 5 0.3974526271779817
34 84 0.5880594683766356
36 96 0.5828858658455564
19 37 0.6610941027395729
13 99 0.6939866447725078
89 90 0.7664364163208348
84 57 0.0766531106786752
93 92 0.5127668204367892
15 74 0.37607489106530245
84 2 0.2545401150478358
1 16 0.7525098043424074
33 88 0.6902479178552059
86 17 0.0294364297495473
36 19 0.8973033956146728
55 64 0.47187264848543087
56 75 0.636898699365771
86 72 0.1097293256156131
54 98 0.4194904408930935
80 33 0.09656104774418439
16 64 0.6613171820975969
1 68 0.11395444091276918
92 63 0.1898254843017747
86 45 0.3694470467538722
29 57 0.9629876542539091
40 43 0.09741257520798752
56 58 0.5214166505091773
27 46 0.24099005814151186
8 17 0.6845247001169069
96 46 0.926342568950872
98 60 0.7072430522571682
71 47 0.44005854203541983
34 97 0.37312923618520755
99 100 0.9101965668583064
87 44 0.7768130957321605
48 68 0.8620777795125629
15 69 0.6389858931134083
30 98 0.8892000140110846
0 66 0.27675212732926346
98 3 0.049797259663440174
77 59 0.29838364406375617
98 75 0.9296624112567311
18 51 0.11976895660566123
1 59 0.1773363370292883
65 30 0.2809906151417084
60 89 0.030195515630499714
41 82 0.7174438831632757
76 11 0.6833167489116299
95 6 0.7706821178211312
37 70 0.7734292089755219
0 71 0.32200032006852275
43 39 0.23180008857576961
44 83 0.8923390693624181
78 68 0.5522310543047894
22 73 0.7738882725184977
88 70 0.12683376538124547
37 1 0.7871922625480834
91 1 0.39723717149977056
99 29 0.7228784196061616
6 20 0.9672114537238304
34 80 0.8853436597970701
81 71 0.8112600479596446
83 67 0.10956521342658654
4 37 0.22041869376300838
86 28 0.8629601154038664
52 69 0.157896234585852
94 100 0.3964986578527556
80 39 0.9385259183620654
44 5 0.8724317965325638
96 62 0.3960652585643407
96 95 0.2801549324886893
81 16 0.23837930805941288
55 36 0.403853966783418
61 2 0.8212156627360082
100 63 0.16932633666467878
60 32 0.5145239860690745
50 75 0.06548713154170782
100 39 0.16807185075375175
42 67 0.12771685649815834
39 64 0.17116699538952174
76 4 0.2491767845358781
10 92 0.03647843814317753
44 94 0.6226141508126265
48 72 0.6372544290233485
58 44 0.7365154159581186
65 68 0.21089580018553733
67 26 0.06517040213685821
61 37 0.2291535703248021
70 20 0.5545263977264709
92 41 0.7666238539797158
30 6 0.3336572338642555
37 11 0.059627293804947246
48 31 0.46992658529828835
86 35 0.33777625463356065
12 8 0.24609913714721354
14 3 0.8987392217603458
18 11 0.8151119034214958
86 61 0.7032781977823761
24 71 0.7537960554077675
40 32 0.07128648114780667
46 68 0.056225806813005486
0 21 0.42222724612054463
52 7 0.32724789833922907
32 57 0.9451536066596512
5 21 0.037798967016713814
47 66 0.5274321364600625
23 93 0.9670535131087907
59 81 0.804709783290885
10 19 0.08000973999245686
3 35 0.04675687023128783
29 74 0.6561290111280407
48 35 0.2156500000808439
68 57 0.29492250440354173
21 77 0.7501258647400406
14 16 0.5515928564814919
65 6 0.42770939446632594
36 62 0.8399038635529814
51 82 0.9781165025309315
24 53 0.6405886267974005
45 83 0.6031149519434125
14 4 0.8587255639557435
10 62 0.8622180230913774
36 28 0.03992720989804488
23 75 0.4082051384098353
71 21 0.9648688679607949
88 4 0.9113419956406592
23 86 0.9843277265503233
49 8 0.1555497089556711
31 17 0.5778567237816647
14 21 0.6051698693019697
61 62 0.5327192049944391
20 14 0.3318610821324751
8 76 0.06756323765011996
89 34 0.1819929908914112
85 92 0.3963104161087109
68 48 0.4874028846709513
72 89 0.1961130225528931
73 72 0.6955287933520587
99 14 0.45798240335129603
97 73 0.01006238113111857
99 11 0.4448526093797657
4 21 0.7196522160355714
95 60 0.6901124382767785
4 93 0.21803088527223302
29 46 0.6112053635892818
59 75 0.5650700268415945
17 42 0.6393370954257641
4 71 0.758187902778297
3 85 0.445151266035705
56 60 0.557821071636428
74 48 0.050174421306278805
79 30 0.389994496077532
72 53 0.9095433416948882
76 32 0.6421209553813734
44 3 0.7098606509278329
20 72 0.5609641339000996
81 19 0.6860434951304444
34 14 0.16030476855251696
58 41 0.7968500053515487
98 0 0.8022856507372289
60 19 0.7335360851788613
66 47 0.0972740147200224
83 28 0.17162334843412597
97 44 0.40529478607339486
65 26 0.9725409057203102
10 71 0.41304680483711176
35 14 0.7269652103894104
70 81 0.1468180488605091
94 40 0.9533549333787996
28 40 0.6368060737360082
23 65 0.5164777802226005
72 76 0.0027249833298548243
45 77 0.766721495170035
42 45 0.19387512412015828
98 95 0.45783399402082214
28 20 0.9944835251852309
96 51 0.5735133966115774
7 21 0.03844367866189358
89 38 0.8906347795013355
29 6 0.6591380450945462
82 72 0.6616221197278965
73 11 0.12006664766937303
89 8 0.8652877135492674
22 100 0.4341817121772965
19 79 0.7694696629276981
23 55 0.5487769176499556
97 56 0.14483631847650746
7 42 0.33859903406976155
66 17 0.5074526070938744
19 73 0.16829433200027633
25 88 0.6628345240939174
87 84 0.4737706096393347
19 53 0.9659870360602769
4 36 0.9077743450944078
69 85 0.6551561686605722
40 9 0.5793233903154543
44 79 0.25978337890879066
98 4 0.1584955933520077
4 0 0.27832328861950395
40 71 0.9941301993379511
28 87 0.5738813261771655
97 41 0.24351224112677772
12 58 0.6345133981056471
59 53 0.09370680323508451
25 40 0.7683390784942008
72 28 0.8561740452993049
45 91 0.6862426102466773
55 82 0.2738788394268772
40 95 0.9521125193886966
19 81 0.19429558925105828
26 83 0.1501772647328511
39 67 0.5857323396653593
34 31 0.07237631364089414
20 89 0.5633791945959622
82 94 0.5639916506643261
9 42 0.3764495208119426
90 100 0.8966909902465221
73 74 0.011449183664565266
87 7 0.2637115410825617
19 49 0.5648536028559399
34 86 0.5348483488096223
22 20 0.9379079060836211
35 61 0.37153954030309444
28 74 0.3467287913341093
60 0 0.8951922685306771
6 64 0.864254912834463
61 36 0.9561454202000045
37 32 0.911776295994748
22 99 0.6083794313348342
27 70 0.6437111878477619
39 70 0.7192962727564383
8 21 0.22583093991281444
10 57 0.13435362357349812
99 69 0.3499634617152344
76 55 0.8884472086005156
21 27 0.25192602819645626
20 56 0.41605530817779
57 84 0.5097866378502596
94 17 0.680969829060261
45 87 0.8456024264297611
100 11 0.9173595208227391
59 16 0.0057638375888717786
6 35 0.4766082731719573
5 96 0.2126508086318779
28 20 0.8727755679334155
12 4 0.12162909406678513
79 75 0.5023568059922356
70 7 0.6764637761474261
88 83 0.6409682040132045
20 30 0.9459582889463455
99 5 0.9692091538852242
42 93 0.697271090587641
91 67 0.16392837962078088
44 37 0.16380604766181694
16 9 0.27858202287923406
66 65 0.18606284481577384
45 60 0.5426308036689634
76 93 0.0869082449053118
82 12 0.6041648596249783
22 12 0.656271341987366
19 49 0.6307304797720538
16 34 0.22762939919944636
7 57 0.08021027660892577
49 45 0.8722702389224376
0 32 0.8476050293540118
91 53 0.9226464779038709
94 59 0.38241175104840897
16 10 0.22187566289910898
3 98 0.7852176829872066
23 21 0.3873471155041911
96 23 0.026567605614970402
82 8 0.4277268263701064
77 13 0.32474217413541784
69 80 0.912924716045159
24 23 0.09147861826045678
69 2 0.6375753849148148
98 13 0.7650784252229775
4 33 0.4228175446563548
14 53 0.36195332242380607
89 8 0.7871894502513888
70 79 0.25909064562413
0 61 0.8522149628538981
91 24 0.36980058396655946
63 60 0.49734071375443833
48 40 0.9630148985206674
86 91 0.7093753151713241
82 93 0.08017483765088462
77 66 0.45903381494629303
82 74 0.39686446571919465
86 10 0.8098159565091618
65 97 0.5709602371840513
57 31 0.6887690916759134
2 33 0.7053558286606598
16 14 0.6915789698025523
98 32 0.5892931401180164
1 0 0.03262655960408023
60 84 0.9181646415318088
