15 88 0.3308803146275361
39 31 0.41415425225417424
87 85 0.6515545282741654
77 10 0.6231923843942964
67 86 0.47030542260998653
36 43 0.02466614049253657
48 62 0.5813296444091409
88 69 0.9808372205999675
4 66 0.926118602472228
36 91 0.9938238636263368
79 55 0.6988089450266768
88 2 0.6554671488451957
37 51 0.563496988716619
44 15 0.1684838595782142
24 56 0.2674223666485238
99 56 0.4046272216180239
95 16 0.19828881685782795
100 73 0.8426419276926784
24 83 0.5966370078655308
64 97 0.5805403395174703
87 4 0.021765724633172612
51 72 0.2541243239843647
58 10 0.8564076065494887
27 0 0.27576489174344454
43 71 0.7775659727298263
90 54 0.90698758223014
6 37 0.7693848314212041
15 53 0.9952647066076373
96 48 0.2841188193116809
7 56 0.11266590632233775
46 13 0.4694224555922488
60 29 0.10188909050631267
30 29 0.19161124118691142
12 98 0.2961502032110459
5 38 0.21453291701314403
43 17 0.0063375687629940725
79 83 0.8259821198076581
51 55 0.764388709343691
47 98 0.06815087069696735
10 15 0.7327258488653355
22 60 0.468735121602078
36 25 0.28983592026959504
10 59 0.10506611789722109
37 57 0.31053424524485806
10 47 0.004664773079831264
99 87 0.5997309848885201
18 98 0.9348498235055995
68 48 0.8051450015422742
54 42 0.33093610557115705
98 16 0.2743252914232792
89 81 0.7822441896969924
99 70 0.9857787098614168
42 44 0.03869794429664597
80 55 0.6609603901320514
54 30 0.1893666031293033
29 6 0.37459120608457463
64 45 0.1304263634475753
6 85 0.44530738259548563
98 47 0.86429053780733
41 85 0.6129005851602515
7 47 0.6560065023659406
76 84 0.2153984054183844
85 66 0.46422922448527737
12 67 0.18021719574170203
60 91 0.21962951336176362
87 85 0.25975155175836584
32 65 0.5195735319650865
70 78 0.3471370003580436
74 49 0.7622105308304146
27 65 0.5926043421583495
78 85 0.17761629402145995
28 90 0.9099797144410539
98 17 0.3783912167118728
36 15 0.06696394067608658
36 60 0.15635918455514308
41 8 0.9928953904727853
1 11 0.23252882343538428
46 10 0.5773541902819807
18 99 0.6260894857772553
18 17 0.7578439030751417
95 82 0.45596136078086313
77 74 0.5803310614136606
35 32 0.5762431136089364
93 8 0.42703225261600875
26 48 0.8071963191772755
2 23 0.08641135820235835
38 54 0.4429414688226624
75 93 0.8531780695834015
70 39 0.7241563034513524
9 20 0.3266612834174165
46 94 0.20574312121834537
32 88 0.7822760506705302
62 19 0.41486323260363056
73 77 0.7995330770456878
99 40 0.478831597280191
98 82 0.5781118861069275
44 62 0.5635697795027413
74 6 0.7546060137397127
24 93 0.07314839862972888
24 4 0.5300727783214932
8 34 0.14819178821445977
31 15 0.7757205378909926
36 20 0.27238420889960757
92 80 0.45161643150115804
20 21 0.26975414202553294
28 96 0.18939346719579286
30 28 0.485975454601129
77 73 0.8184546936566102
28 24 0.06124545083552135
86 98 0.7335358381467282
82 1 0.12817233028233277
83 54 0.46233145697314715
71 64 0.054850556367362135
46 33 0.17205420818060801
78 42 0.4374110786412674
56 100 0.4520747613757833
13 36 0.4048269041049911
84 61 0.9248421643905557
4 18 0.6949610493795244
57 39 0.9526974406546641
87 76 0.6041198365678933
92 16 0.0286259440556198
52 79 0.243078187449695
34 23 0.7376488039490873
21 56 0.38296976298870233
57 94 0.6822106610989571
0 29 0.06871889154619093
84 19 0.552277799775638
32 55 0.7019295523479595
25 64 0.008719344051795086
85 56 0.3362394177962301
74 70 0.5696895819363181
75 28 0.0012594622080264184
100 78 0.09079760832846717
73 38 0.3454094528350158
34 95 0.48882034090042725
15 18 0.6983066472219068
13 51 0.6754350604960575
98 80 0.5566148644953833
78 66 0.20793104504408222
70 47 0.3835015157524685
34 67 0.7535379105445112
91 12 0.4189382143166921
89 17 0.04669291120061647
15 8 0.14873409565008222
80 7 0.017755867027329675
12 88 0.6692308629723788
19 81 0.0335381086272859
23 10 0.9007025815367691
78 47 0.5888052899017656
65 90 0.5317332129475174
67 69 0.8259449823856201
75 39 0.9562253310922403
17 74 0.2874233919598287
73 25 0.972562500245074
93 99 0.040446084681819094
4 45 0.44564144334752476
40 11 0.6739253221226544
21 85 0.9510614517088177
60 95 0.055991987334246485
62 36 0.3796861088668727
32 55 0.5511841887109772
1 78 0.07368757294230344
98 4 0.3310912387170841
96 35 0.671500594881257
21 49 0.7024798896916885
81 47 0.29586211105640015
1 85 0.765325164465444
57 22 0.5433130544261953
25 31 0.6782636967427839
60 63 0.5957477606193896
56 12 0.7837337586196981
48 58 0.8315395029227949
86 38 0.12095545008620523
22 77 0.9267427261834715
16 61 0.6453103462041536
71 56 0.7127799986940078
73 61 0.4484477209009975
18 28 0.990305832742306
87 13 0.9948084322896259
12 35 0.61180956592231
31 94 0.5541130207080555
26 25 0.3577773408573234
63 99 0.40792835800647187
20 46 0.3198654834448156
35 47 0.2526898877305217
78 22 0.15081236849017865
58 17 0.9604182988975786
86 52 0.020425702122558897
91 32 0.8670716794114085
7 59 0.7178670182999584
21 0 0.49102851813956183
47 18 0.9156562791339371
37 80 0.7951222984402069
79 75 0.8835830023090514
9 17 0.9709618448130323
91 10 0.34512655177012286
65 78 0.808915031972758
20 5 0.664300009957629
2 52 0.2905665899711084
