7 93 0.3146711134807486
23 75 0.8774872210352961
42 19 0.5391351469704463
87 11 0.08992398453837414
31 80 0.8472568419192873
12 83 0.6620024568029127
78 46 0.07507549854097517
66 46 0.3597387953379466
9 44 0.21150629893701411
73 40 0.7080197027692754
34 37 0.6635565204180036
30 17 0.7333206186447259
48 98 0.5449755506966066
10 50 0.2107067133988363
28 80 0.20416412903571202
40 14 0.7779857102925498
15 14 0.34907257299278804
78 55 0.4423674590320229
29 15 0.22421007639769663
94 4 0.5741815615589599
89 16 0.7639907607594902
76 21 0.532161342664318
99 58 0.17549901373744503
12 1 0.47062604066347946
78 67 0.6995406792944318
38 65 0.13838874461224548
37 25 0.6451593718224806
73 5 0.21162794687457154
56 50 0.9938541834135834
88 16 0.567061886726741
98 63 0.2634018817639183
14 8 0.5699884555696841
21 9 0.1744700848109091
39 33 0.35654048366453117
65 17 0.7685763966607136
27 8 0.7809935385532123
65 31 0.6068997924915808
47 38 0.18276453731134767
14 33 0.8023035081488519
11 40 0.23173910152813137
6 46 0.10598904676007803
22 64 0.4291410295798018
21 2 0.6035448128741412
45 38 0.6415324164111023
4 98 0.09050117633174659
82 12 0.08510765060072367
44 34 0.623166656163826
16 71 0.013077432944345602
88 85 0.9241517479049176
20 69 0.47176175427191824
60 8 0.9366804035031691
4 59 0.390700298611504
55 14 0.1567045783922547
12 83 0.34017923911878645
59 4 0.36195360481132643
48 65 0.9565571374956872
8 98 0.2853088377541191
45 18 0.008899518367519899
21 88 0.9907355887301725
72 98 0.1400703957914501
76 92 0.2194578139434744
85 89 0.09022844897589288
24 98 0.16536972005657946
43 85 0.9916126807207574
41 83 0.819044023875169
52 98 0.7075755509533835
67 73 0.6680903091072186
21 86 0.3136533869144841
80 41 0.9260129380042565
100 55 0.437292838672554
97 72 0.018494517040732683
14 10 0.6218624918141411
64 13 0.2688816243764348
13 12 0.8192650262765203
91 67 0.5586756243779305
5 10 0.11628123009658053
11 46 0.9694730103290408
57 51 0.23265826387207145
34 7 0.38529467549227425
52 22 0.045411174900652274
1 41 0.22949729142735908
63 1 0.8230330750901612
68 56 0.11310755183818577
35 25 0.06602762784021532
43 69 0.3873627932945014
80 73 0.5255886469321516
43 63 0.06130167981072321
34 49 0.7932867914615309
30 52 0.43691185993681103
72 56 0.2813117235354873
16 90 0.8944346003756142
13 38 0.3674907040284767
4 77 0.03863522278451459
57 80 0.9609702498048192
47 54 0.7469053062773847
40 73 0.11255963990050732
14 19 0.9094666265933367
20 21 0.5156375587991149
77 2 0.5138951667634521
8 20 0.45913374567156506
65 42 0.4173659156465235
67 21 0.8516020558007891
66 2 0.36639666632470824
27 52 0.6272858441367346
61 43 0.023950055604165965
41 47 0.7494295619018159
55 83 0.343096345607832
49 20 0.35778686638998347
97 35 0.5403585920126353
10 28 0.80087764767693
62 18 0.7679884593069198
99 15 0.5783744983711203
23 27 0.5404076377720437
41 80 0.7217511684315306
98 74 0.28038464543366415
86 49 0.6232667134712386
12 6 0.13944186263441083
19 56 0.006237107893900307
85 96 0.301533514091576
37 53 0.2832342828290674
10 19 0.13615193794170133
82 69 0.5049233960858199
95 23 0.2729070501122284
45 94 0.8937106166767597
17 60 0.4606702730583624
64 63 0.8891483165594445
48 65 0.25888350020293915
57 78 0.07960084291160707
42 70 0.7741748131634721
26 43 0.6088525440446088
57 0 0.34052051731788335
3 59 0.6007503450071648
26 10 0.13112301609625154
37 55 0.3584616169430864
93 22 0.775638024367141
69 64 0.1333067144713076
62 30 0.32885999623920603
65 79 0.4984430206908852
9 15 0.6312409163108027
36 4 0.7887286333502515
34 94 0.7508126467716606
100 84 0.2900115046828745
54 83 0.8433497928183593
6 0 0.027195503527156717
82 22 0.6096097137156096
98 49 0.10701717390206489
11 49 0.7275005241652547
8 90 0.7069737247173018
47 64 0.3492544399702584
43 15 0.7345203736823871
30 95 0.1713103258526122
84 86 0.08073900880478146
97 5 0.48912751805161003
61 57 0.057131565255172156
51 65 0.5879575464411017
41 59 0.3764546299201733
16 24 0.4600352865517523
38 6 0.014001790162996408
92 93 0.043525874690772404
87 29 0.39707200324193326
56 78 0.21577971515773953
75 38 0.8950227702546635
55 81 0.7829406425318547
93 65 0.333037221449504
40 2 0.7897748818823709
48 38 0.02437768116018757
34 74 0.5119871966364643
16 56 0.6311259167625952
16 38 0.7164759054504889
79 2 0.1371396720750777
8 11 0.2636788853392905
77 99 0.24061613312549412
1 3 0.4009789517896981
18 72 0.1491521515004629
6 14 0.5573208001026337
34 24 0.16705373636343535
7 32 0.8401739683573307
88 71 0.2902616950745116
69 86 0.2319584586685951
38 32 0.1474688558319197
8 96 0.1445280116805483
34 97 0.38285706903045247
57 0 0.18880157981072154
66 87 0.29534533174956734
31 93 0.09961073706651058
38 25 0.1104558304604718
32 8 0.9851331320888889
57 67 0.17674572732617533
30 19 0.3850773042937654
49 50 0.798592148170752
31 84 0.9363084390903652
81 3 0.3732558746382846
21 97 0.4018579392632782
60 25 0.5808111271182381
78 6 0.2725240051743484
53 13 0.4463537209002304
7 31 0.5874026631197214
76 35 0.25661637197385956
78 96 0.496699934611339
14 2 0.4569301988960909
49 4 0.20212440027039213
94 86 0.648585422191848
24 60 0.7382040776527503
22 6 0.28115110241287145
1 60 0.4539090556653289
4 38 0.7539206232898372
68 77 0.6626786031518355
28 90 0.13026165353576358
32 39 0.6429781141048848
70 20 0.693664277703887
27 80 0.5445607098259783
35 62 0.19021399016385065
84 31 0.8315348792499084
82 17 0.6877898273715076
86 100 0.1663718930632766
65 50 0.6197270626681259
68 11 0.7848560062338055
69 100 0.7442761551577844
15 16 0.07132650864813961
69 77 0.08131907229840285
77 54 0.7674148837595004
77 85 0.006352222949738584
75 74 0.7759114119996807
2 37 0.7808098648672922
45 72 0.5852775294584495
49 90 0.6007565236921152
51 72 0.5651442534193778
55 68 0.3798607745626781
5 71 0.23864506316951772
50 35 0.08809388989021172
3 40 0.7362634439981343
93 4 0.8190504897784334
51 60 0.07909762153492284
10 63 0.16449443231214544
100 63 0.3137394946574372
49 56 0.10709340727541072
78 44 0.518986648714364
35 86 0.9617851073832032
0 68 0.8984625854035824
5 93 0.9847219661104732
7 89 0.7061070027987041
34 97 0.34573715595384324
73 38 0.25423627848605423
88 9 0.028989100932203637
86 63 0.8235413646905984
39 6 0.050262921398713134
80 23 0.8874890240056065
58 4 0.1567988128329496
90 40 0.3965351655860577
17 94 0.38743360438224206
5 16 0.5343228631632689
14 91 0.9396196196793747
74 34 0.6581072950326029
1 21 0.9185118616152456
25 33 0.1805163945152578
75 88 0.42214194825684537
38 23 0.06390786520604419
97 37 0.25334424886486573
77 100 0.44704134023284403
82 14 0.2943731966989497
36 25 0.9808657392947784
42 8 0.7180981975446399
16 28 0.5189498497818473
32 46 0.6616425981441701
44 61 0.1125218771895885
91 61 0.5975835037670573
64 70 0.7048186681687971
42 98 0.9111720465474218
22 92 0.7455187537256892
13 64 0.2342072174686889
70 83 0.7551976417479288
14 50 0.22489765398134665
71 96 0.5237145462276164
80 28 0.1874791808025439
2 64 0.05739685373775394
5 56 0.7889985162844088
0 52 0.4818049138423115
96 95 0.6160777061515801
13 49 0.521819317609031
41 15 0.7476136959340662
82 12 0.2138232946000228
43 75 0.4231425623696491
46 13 0.07687614657071629
85 86 0.738001447904887
77 14 0.577321866929089
68 50 0.4515691518908095
55 86 0.34036782402814314
46 82 0.3333431709956547
11 73 0.10633985849409244
58 3 0.8428299650226153
53 30 0.8435915930317225
98 82 0.3620212262723569
10 86 0.9166830475949119
66 58 0.5030234523678174
27 33 0.30087128168838206
96 6 0.8634089709040114
61 59 0.38103792539096093
35 44 0.1274127601752406
32 82 0.1753945937852539
33 37 0.49468792194743283
27 36 0.7684462908540871
61 26 0.11007307220525653
57 29 0.4235341710738093
48 31 0.6867631012187039
29 95 0.3331919077450328
63 82 0.6005406462200129
80 78 0.6716659800739729
10 80 0.2735187484605621
80 7 0.1485233301541894
70 88 0.6560815825364954
7 74 0.29005408467733296
96 6 0.8949111750319253
20 96 0.8361195514856675
99 74 0.5371908065104213
92 90 0.5205199829139419
70 22 0.7506586096883959
89 72 0.2283824765588064
89 31 0.9335428072919458
97 48 0.4016686238988747
11 20 0.5809046368516956
15 83 0.16433917983768387
20 11 0.9411870249095761
6 29 0.741152864057179
91 63 0.49591184614756734
55 63 0.18527404810038273
67 18 0.01776230203897966
96 9 0.6332400363390821
21 55 0.5297862797887969
56 100 0.7662675594889733
11 68 0.6296475356630662
58 8 0.09712654384649999
25 56 0.6961018237608672
0 32 0.45724544196635963
22 96 0.5458686957219503
22 59 0.6717246405974764
37 73 0.8973850331778904
67 79 0.17406629955427655
97 70 0.8850883699847398
34 33 0.41292181064338096
31 26 0.8436494206759126
10 58 0.11263460509927992
9 23 0.5073022926873427
2 49 0.9403798111573969
100 36 0.9957840252553024
74 10 0.6698675695056877
49 19 0.7376432675264781
74 2 0.44002759135830183
63 21 0.5710933186503369
19 20 0.9572205412822732
72 98 0.1972082670305454
13 84 0.17320903772660923
41 81 0.020486866241337998
74 30 0.4801899611013041
41 21 0.8025520900471965
2 57 0.014964351431636103
76 2 0.2007124193992259
60 8 0.15903495079237484
73 88 0.1307910915183248
83 95 0.949132191729048
7 66 0.10735307057959476
73 97 0.6995872232708555
32 48 0.24304783307970268
88 1 0.4928031432305209
77 84 0.9533700610969931
95 32 0.6675138386400543
13 66 0.4836556730221909
86 44 0.7554237510178974
55 53 0.8943241501148395
55 12 0.8802347592018915
37 72 0.986364196324575
30 70 0.9837096624743701
79 12 0.10739373206892533
57 90 0.5330059139671832
72 22 0.21754404174731745
64 40 0.1862555856689282
34 0 0.03622374072619272
46 45 0.001364031553341083
35 70 0.40452181390224073
23 87 0.33910803339468476
21 72 0.7092181117869631
42 89 0.1682018097073844
65 56 0.30197235823608026
83 9 0.1721749841989768
10 34 0.33873582266082103
86 76 0.39665945584889084
8 4 0.8018562258107477
69 22 0.5868728693132516
29 53 0.41751645156239714
55 7 0.6072265004842385
62 91 0.5987399718996825
66 77 0.8180980132407576
14 92 0.6005338918523416
8 47 0.2760538907151362
0 9 0.771693938667437
100 48 0.11196869589904723
33 69 0.34196904414990603
27 29 0.9312349064934391
32 71 0.261735066974932
93 29 0.04430098254469139
20 21 0.18577157285756907
91 60 0.3565447570236612
48 42 0.044246102875396764
85 94 0.29110480272260764
57 92 0.34518706545091193
13 24 0.9102361904737771
2 27 0.47666350301722327
84 33 0.36998565034480246
16 89 0.31849416839818734
96 49 0.9908987478181654
55 46 0.9711538992013936
1 56 0.08567032460994328
1 25 0.41518113182942507
30 18 0.5795515939793364
80 33 0.7459009062911213
54 91 0.8926011923916568
95 88 0.4760949287977061
0 76 0.317722363447816
60 24 0.6120087409182363
59 8 0.23338326357420802
29 10 0.7929551778451692
47 67 0.3198266266536004
90 8 0.04957624082647416
39 73 0.7667283472806138
13 28 0.964310832389655
65 83 0.014432928739451345
30 70 0.24426680820780922
50 7 0.6729104355472655
51 38 0.20800654160365084
0 63 0.30587469478618645
82 12 0.9257676612536037
44 60 0.44520694042316566
47 73 0.5867947643911405
8 33 0.628390653295535
79 16 0.6477573105514243
90 93 0.9272510367626137
26 13 0.04239905234305319
56 35 0.9391640733883867
9 89 0.19521900821945737
0 89 0.13843830428860138
42 19 0.786317086601921
11 5 0.9300127001016633
100 45 0.22771676736683166
20 80 0.14205975994330278
26 48 0.03853726616689157
70 53 0.49335728716705607
70 61 0.7796641528769976
45 75 0.10253559608137397
11 79 0.5583689643211158
85 94 0.8058691074213048
97 96 0.4073304397608909
67 6 0.4722603428356241
87 68 0.7326140230253234
70 75 0.9784803038754248
4 10 0.21020463547487078
15 54 0.45564750718005853
2 66 0.11360020391588266
47 90 0.994630930231295
83 42 0.3997525274610606
16 75 0.21335646057904578
28 25 0.6771785125221959
3 25 0.8248038424794438
31 41 0.5274742328347498
98 94 0.8302917633270316
47 78 0.9820747524252387
73 31 0.33336309597862246
47 11 0.6819369883091322
22 18 0.8778515417840395
75 2 0.35484365187843026
15 22 0.8239868940213803
93 18 0.7405101745231154
24 34 0.0749053524112897
55 61 0.8710397066370851
99 4 0.6542642055990678
20 47 0.36213382239768765
24 11 0.1392276163942947
91 2 0.8866352325503528
67 15 0.42495572647719515
99 39 0.49449865217458455
24 27 0.33088013780395
33 68 0.32643963358533556
73 90 0.22443874147761234
53 97 0.7727000044518342
24 58 0.4490250775712685
78 68 0.929827157555449
70 68 0.0792589474353611
40 38 0.769088053877244
11 6 0.7205655906507746
63 19 0.8080280978991107
62 7 0.2636812533693501
90 16 0.16695007162285402
12 57 0.1404946038794166
77 87 0.4297230180785667
5 42 0.18173906346239177
90 31 0.33254147982861615
12 41 0.46884146765612367
59 54 0.691469213427091
10 92 0.40852004535045694
90 40 0.6684216702092157
49 28 0.26065786977070826
52 53 0.3609840807952054
62 76 0.33165557065546003
8 7 0.7750319609541765
26 99 0.9277129480257608
19 98 0.949762168737151
30 33 0.6183967085227446
71 1 0.40426363022014933
77 46 0.23469001238065657
0 28 0.8919963842641886
15 47 0.43116460644559396
30 83 0.023059711952873374
98 3 0.9931395785873365
41 73 0.2948741386860464
32 45 0.8323292885772133
1 64 0.5186069479000904
42 49 0.21361758993474222
70 32 0.41093772935236783
2 23 0.18910453545356865
56 68 0.29806668706094497
74 48 0.7345513275328245
95 57 0.3094622332323719
34 57 0.04181291513713936
74 52 0.45271167825276015
92 50 0.3066024323876393
43 77 0.36333720758067223
36 100 0.9179036718274951
79 90 0.5750087233390532
34 84 0.3878766875796066
13 3 0.43020842890472577
43 44 0.06502994919797966
56 15 0.5971797177714024
7 83 0.4310429560862622
37 94 0.09003322542163239
13 99 0.12648859181171057
15 64 0.8901898832828804
78 29 0.5491040783579906
83 80 0.10635501773063794
72 31 0.5735393682186954
34 22 0.7060499851972987
27 26 0.05217419273000856
31 50 0.6599395573718997
29 60 0.8633440293271486
77 23 0.024186829866656545
12 44 0.8528216096400261
54 49 0.9961507764095944
22 55 0.6232518344552782
54 96 0.7087398970866429
34 82 0.3542869373513675
56 16 0.4856170219882363
1 87 0.6975787131017355
18 65 0.6511906113416802
40 53 0.5749131578800192
48 2 0.9690995304953314
15 55 0.7395264247855031
12 10 0.7562340590015296
14 59 0.3247007336639518
10 37 0.18223851504274846
32 54 0.27242940490280076
95 5 0.07053323860858285
69 36 0.5924856196487274
82 53 0.20749871434879263
2 59 0.7054237608455926
99 26 0.7479321304669269
35 91 0.09336426823299715
49 32 0.9478969438847713
6 9 0.7250030326133449
57 98 0.12533423953631206
5 6 0.577893638339002
35 92 0.14926822025387365
93 100 0.5328910760133804
23 72 0.06460062030247027
84 88 0.20171644161376612
0 12 0.5468630577461059
72 91 0.04699809544467359
48 74 0.5543422917505056
52 41 0.5175944834221543
81 26 0.0785594579504818
0 90 0.15546333341721064
32 98 0.07650913793154301
76 6 0.7875248591027434
76 11 0.6695740824914145
22 69 0.018808410832019562
37 10 0.14786162463911035
32 9 0.3471060698398448
59 84 0.7531655090471423
80 11 0.6443866595005653
0 20 0.7541720003309497
44 97 0.7761360234781188
53 82 0.8904479026482435
54 25 0.7624485739043577
35 34 0.38915290550253034
100 67 0.7180796953104988
99 47 0.18412813833861652
12 29 0.883503776444174
25 2 0.7154990223521531
31 56 0.8063677771975688
100 40 0.4863158045542295
6 82 0.06054431061952292
23 56 0.6588541060895081
59 30 0.7294128562455926
47 8 0.6520652208319766
45 90 0.9578255535568275
36 67 0.18125936240962826
33 10 0.7423156088840669
41 72 0.2811806700384678
79 36 0.2891235681881158
69 45 0.952399778406781
50 28 0.7338587587763332
63 62 0.6323405539548379
36 49 0.17794011480053973
91 16 0.3925231311390559
87 36 0.3961335901790155
78 6 0.8630806712337782
7 80 0.026632760748795836
64 88 0.08026297540652538
54 38 0.5925778992734593
84 44 0.19548489301449834
14 54 0.2260497903009644
18 8 0.9345595226983158
33 4 0.2621413069411954
16 68 0.8693550051097308
55 90 0.49214368279964127
41 99 0.9416873153037243
95 32 0.31572727168565773
18 89 0.31278095779480053
27 72 0.7531708099393588
51 34 0.21545982067799718
45 96 0.049110109743689456
25 0 0.9680333938636293
73 92 0.08916071349718335
35 67 0.337860349854329
88 10 0.734369222676846
43 50 0.971950427264957
29 80 0.36816911508793215
31 13 0.5141861731816333
85 69 0.1694134108542743
94 29 0.17631523002874194
29 49 0.1423128581886135
90 29 0.8485146534930333
97 24 0.5236738571682443
26 90 0.7197295222079547
37 15 0.3820976140574136
35 91 0.7417060599660767
31 70 0.8466656832946001
71 9 0.3515723755530301
77 99 0.3284034793597389
0 42 0.7827915677576742
29 68 0.6441913637278103
41 34 0.028894843790307267
64 1 0.6006111939556923
4 2 0.5473179904725889
57 48 0.989493390694554
70 48 0.5679838915000818
84 54 0.011187000464876307
2 15 0.6412651707065352
31 99 0.1250481772101838
20 54 0.5944710546437247
90 6 0.2634485934531696
90 39 0.3188119755637753
90 11 0.6745997531655067
5 11 0.8915902530479105
29 95 0.44785342144542395
62 71 0.4718960562718868
48 36 0.655557582522335
26 72 0.4290805793682494
23 64 0.9070555174654655
48 20 0.7486304383259562
46 75 0.9636216191771803
81 68 0.615640977885386
82 8 0.9780915115815436
65 95 0.46185686540249693
6 31 0.9245686061146972
8 38 0.4111963888590223
17 67 0.9694249223947227
62 1 0.03940643027865165
0 6 0.6792322939414036
91 81 0.3935361852145971
86 56 0.8122198697853468
57 40 0.3736443222304463
25 18 0.15080231983359482
42 27 0.12012514974122757
45 89 0.6786875564800109
55 70 0.32595283039315615
31 83 0.1767781956870026
4 100 0.278595512758258
62 39 0.4903655646782845
87 78 0.5128408360657719
17 27 0.13922960910551307
28 9 0.7920001994767641
78 62 0.6573658539985238
71 83 0.020685852699057983
86 90 0.5293998328712324
80 51 0.011530672052868951
62 86 0.5789024235084699
61 40 0.9982649646810366
28 15 0.03253568473238222
100 70 0.5687912756994322
15 87 0.5877533791846052
50 12 0.4143352166318165
4 95 0.6307914578010195
25 86 0.07890294149585608
98 7 0.9281518465551931
4 31 0.4308521580299485
100 74 0.8226932054377415
92 84 0.5938100350751445
72 40 0.9451790744458771
51 39 0.9809073086936998
55 100 0.4046625247873247
91 51 0.9205009299001621
46 93 0.39263214179606243
42 37 0.735482120472325
88 59 0.9815799324138534
8 75 0.9429033125045526
46 78 0.6491685072182027
6 41 0.02865536053881035
85 8 0.11878952895129324
26 56 0.06552407396390092
80 72 0.6316185129894035
55 31 0.3738292118117179
63 99 0.2576851000992786
68 50 0.4943597238595413
38 59 0.01697538311687241
29 52 0.8395762004314411
21 99 0.43770749801219844
74 20 0.4947732652408674
80 76 0.006917168050424638
82 44 0.2629145666242245
76 62 0.9123641124880826
55 86 0.8836166931037825
64 21 0.21438911955949636
4 14 0.38219134664167675
75 91 0.6046885670282285
44 4 0.6654675017781067
19 62 0.7769858154939039
92 58 0.03305944347992851
82 44 0.23375938543339114
34 84 0.08567851231504353
79 7 0.7199552169072617
35 62 0.23044849852520544
8 22 0.41789246596643614
12 10 0.606008435902496
19 67 0.053684539329829084
49 72 0.3798608652531851
44 82 0.09488681411679756
17 47 0.20599548579932947
73 88 0.23075882170890927
15 14 0.05104949114977542
74 60 0.5183995577708747
62 83 0.8488786531148754
97 54 0.781427362233602
11 92 0.14135010485429778
47 12 0.9682367418491713
94 67 0.5095544300620369
30 0 0.5620940344869528
11 96 0.07426605690472132
17 9 0.4625980713213754
68 91 0.9787242169280344
86 77 0.5897318270021727
97 29 0.3435659697050871
1 56 0.5822372913704775
39 10 0.9119547646283185
47 91 0.8326553620280935
22 72 0.7770536529975509
41 2 0.049327989080644175
77 24 0.5707131898776242
74 40 0.5807154153874304
57 72 0.1438924878439224
99 57 0.8753007306328202
86 52 0.8727075904384289
69 29 0.6413098534666278
15 14 0.6295422582117646
97 64 0.4287177591780479
45 3 0.1362872922456838
62 55 0.34695944040582793
44 9 0.9226593096424622
46 14 0.6157438061274992
47 59 0.04595475908282709
28 50 0.003932540482104452
42 56 0.6167869289510364
14 54 0.1175197742929267
87 16 0.40915965053353553
96 70 0.6492547840337135
58 16 0.2653185034146166
90 9 0.36390432511044624
47 45 0.45899899671859445
75 42 0.782240852943731
94 69 0.24749243714117708
3 19 0.7463522088721954
69 95 0.4124096712520432
74 59 0.2933453273400968
70 83 0.8085054054893823
71 100 0.30773343539603215
76 19 0.3574443623982615
40 67 0.15963388885748264
56 69 0.14055800821705622
80 20 0.5210020461240821
30 78 0.7289607751659316
70 57 0.1183148057924841
74 58 0.5431915283039402
22 21 0.055310084806665105
62 93 0.25167836053331205
78 70 0.13734625639359788
31 51 0.17082040100483564
69 4 0.5764122547648565
93 42 0.5844795552147048
59 92 0.5377857728996599
92 96 0.6924544916915398
91 53 0.5356265065418392
14 23 0.5618284981693694
45 36 0.1580798299145073
74 54 0.19349034876799154
49 14 0.9780636008875488
69 23 0.5333712816121755
32 74 0.5529050854694676
28 49 0.9229317415592281
57 62 0.19737823747718009
44 96 0.5411099910450181
9 56 0.06932476651974695
73 55 0.6757593384491234
41 42 0.9547602006375199
40 16 0.26971984329132737
63 85 0.9701208804722878
4 99 0.8913970756417232
56 55 0.1295276859268042
72 77 0.9510131592312197
40 4 0.7317618234455372
6 19 0.2588129036671911
51 5 0.6527212906632835
50 90 0.10312163664549978
75 77 0.9895377391062276
13 40 0.26663463233874274
74 49 0.4870637676379964
11 100 0.04936950582640509
62 88 0.8194155133053653
34 58 0.08020389390769589
0 24 0.08127316123509598
30 14 0.6822348601590628
12 50 0.5486049374030132
42 14 0.6471052217370246
72 23 0.3468891440456958
0 62 0.5042104305039707
95 40 0.26262492302072593
100 80 0.9600852399146976
54 83 0.00660040705091669
27 94 0.5328117102671813
73 45 0.29056399092660024
66 79 0.03455834069042707
86 51 0.5386496535598823
35 38 0.5283081068976245
40 30 0.9645730399093395
9 54 0.6768539175911699
84 94 0.7552555833600227
13 28 0.3588249483424132
8 27 0.9091896709553591
70 72 0.20755799234248995
30 42 0.4942153636534058
95 27 0.940880895023994
17 85 0.05939172850077523
91 75 0.7308592947021176
24 96 0.7638353227232744
16 53 0.8606286819393171
68 8 0.3767694252004804
44 4 0.4740453977799276
76 5 0.5764371633966395
85 19 0.047808404265451854
67 25 0.7167148411670807
94 58 0.13634740268788936
87 93 0.8714223541546956
62 43 0.1871406075006613
15 56 0.6565785851842988
6 35 0.1793057160955187
85 8 0.13476903884200275
2 39 0.9045373773999424
8 69 0.36624227641722507
60 63 0.7456157836572868
49 58 0.49686691904285885
72 42 0.029274934137827557
35 76 0.9635303809553804
79 8 0.6096787008820781
38 13 0.3714812794701017
62 25 0.5413699667004208
97 11 0.7027063584718074
0 76 0.5358904729126465
37 58 0.6205505925763186
92 19 0.22481806671126936
78 99 0.16579560826529216
68 93 0.29056593969404165
43 34 0.8313085579612651
84 37 0.10821302301313707
50 82 0.26153082728321086
18 12 0.6535661144772738
31 70 0.45932204861376313
23 60 0.23625577915562213
14 90 0.07143564440287276
30 9 0.5611021470351297
11 34 0.2980451695702355
11 97 0.8576682571805259
41 32 0.5830041563172965
44 50 0.786504382557059
85 59 0.7292402814386693
15 52 0.8131728446382083
